2.115 3.1 -11.585
2.108 3.101 -11.565
2.101 3.102 -11.545
2.094 3.103 -11.525
2.087 3.1039 -11.505
2.08 3.1049 -11.485
2.073 3.1058 -11.465
2.066 3.1068 -11.445
2.059 3.1077 -11.425
2.052 3.1086 -11.405
2.045 3.1095 -11.385
2.038 3.1104 -11.365
2.031 3.1113 -11.345
2.024 3.1122 -11.325
2.017 3.113 -11.305
2.01 3.1139 -11.285
2.003 3.1147 -11.265
1.996 3.1156 -11.245
1.989 3.1164 -11.225
1.982 3.1172 -11.205
1.975 3.118 -11.185
1.968 3.1188 -11.165
1.961 3.1196 -11.145
1.954 3.1204 -11.125
1.947 3.1212 -11.105
1.94 3.1219 -11.085
1.933 3.1227 -11.065
1.926 3.1234 -11.045
1.919 3.1242 -11.025
1.912 3.1249 -11.005
1.905 3.1256 -10.985
1.898 3.1263 -10.965
1.891 3.127 -10.945
1.884 3.1277 -10.925
1.877 3.1283 -10.905
1.87 3.129 -10.885
1.863 3.1296 -10.865
1.856 3.1303 -10.845
1.849 3.1309 -10.825
1.842 3.1315 -10.805
1.835 3.1322 -10.785
1.828 3.1328 -10.765
1.821 3.1333 -10.745
1.814 3.1339 -10.725
1.807 3.1345 -10.705
1.8 3.1351 -10.685
1.793 3.1356 -10.665
1.786 3.1362 -10.645
1.779 3.1367 -10.625
1.772 3.1372 -10.605
1.765 3.1377 -10.585
1.758 3.1382 -10.565
1.751 3.1387 -10.545
1.744 3.1392 -10.525
1.737 3.1397 -10.505
1.73 3.1402 -10.485
1.723 3.1406 -10.465
1.716 3.1411 -10.445
1.709 3.1415 -10.425
1.702 3.1419 -10.405
1.695 3.1423 -10.385
1.688 3.1427 -10.365
1.681 3.1431 -10.345
1.674 3.1435 -10.325
1.667 3.1439 -10.305
1.66 3.1443 -10.285
1.653 3.1446 -10.265
1.646 3.145 -10.245
1.639 3.1453 -10.225
1.632 3.1456 -10.205
1.625 3.146 -10.185
1.618 3.1463 -10.165
1.611 3.1466 -10.145
1.604 3.1469 -10.125
1.597 3.1471 -10.105
1.59 3.1474 -10.0849
1.583 3.1477 -10.0649
1.576 3.1479 -10.0449
1.569 3.1482 -10.0249
1.562 3.1484 -10.0049
1.555 3.1486 -9.9849
1.548 3.1488 -9.9649
1.541 3.149 -9.9449
1.534 3.1492 -9.9249
1.527 3.1494 -9.9049
1.52 3.1496 -9.8849
1.513 3.1497 -9.8649
1.506 3.1499 -9.8449
1.499 3.15 -9.8249
1.492 3.1501 -9.8049
1.485 3.1503 -9.7849
1.478 3.1504 -9.7649
1.471 3.1505 -9.7449
1.464 3.1506 -9.7249
1.457 3.1507 -9.7049
1.45 3.1507 -9.6849
1.443 3.1508 -9.6649
1.436 3.1508 -9.6449
1.429 3.1509 -9.6249
1.422 3.1509 -9.6049
1.415 3.151 -9.5849
1.408 3.151 -9.5649
1.401 3.151 -9.5449
1.394 3.151 -9.5249
1.387 3.1509 -9.5049
1.38 3.1509 -9.4849
1.373 3.1509 -9.4649
1.366 3.1508 -9.4449
1.359 3.1508 -9.4249
1.352 3.1507 -9.4049
1.345 3.1506 -9.3849
1.338 3.1506 -9.3649
1.331 3.1505 -9.3449
1.324 3.1504 -9.3249
1.317 3.1503 -9.3049
1.31 3.1501 -9.2849
1.303 3.15 -9.2649
1.296 3.1499 -9.2449
1.289 3.1497 -9.2249
1.282 3.1495 -9.2049
1.275 3.1494 -9.1849
1.268 3.1492 -9.1649
1.261 3.149 -9.1449
1.254 3.1488 -9.1249
1.247 3.1486 -9.1049
1.24 3.1484 -9.0849
1.233 3.1481 -9.0649
1.226 3.1479 -9.0449
1.219 3.1476 -9.0249
1.212 3.1474 -9.0049
1.205 3.1471 -8.9849
1.198 3.1468 -8.9649
1.191 3.1465 -8.9449
1.184 3.1462 -8.9249
1.177 3.1459 -8.9049
1.17 3.1456 -8.8849
1.163 3.1453 -8.8649
1.156 3.1449 -8.8449
1.149 3.1446 -8.8249
1.142 3.1442 -8.8049
1.135 3.1439 -8.7849
1.128 3.1435 -8.7649
1.121 3.1431 -8.7449
1.114 3.1427 -8.7249
1.107 3.1423 -8.7049
1.1 3.1419 -8.6849
1.093 3.1414 -8.6649
1.086 3.141 -8.6449
1.079 3.1406 -8.6249
1.072 3.1401 -8.6049
1.065 3.1396 -8.5849
1.058 3.1392 -8.5649
1.051 3.1387 -8.5449
1.044 3.1382 -8.5249
1.037 3.1377 -8.5049
1.03 3.1372 -8.4849
1.023 3.1366 -8.4649
1.016 3.1361 -8.4449
1.009 3.1355 -8.4249
1.002 3.135 -8.4049
0.995 3.1344 -8.3849
0.988 3.1339 -8.3649
0.981 3.1333 -8.3449
0.974 3.1327 -8.3249
0.967 3.1321 -8.3049
0.96 3.1315 -8.2849
0.953 3.1308 -8.2649
0.946 3.1302 -8.2449
0.939 3.1296 -8.2249
0.932 3.1289 -8.2049
0.925 3.1282 -8.1849
0.918 3.1276 -8.1649
0.911 3.1269 -8.1449
0.904 3.1262 -8.1249
0.897 3.1255 -8.1049
0.89 3.1248 -8.0849
0.883 3.1241 -8.0649
0.876 3.1233 -8.0449
0.869 3.1226 -8.0249
0.862 3.1218 -8.0049
0.855 3.1211 -7.9849
0.848 3.1203 -7.9649
0.841 3.1195 -7.9449
0.834 3.1187 -7.9249
0.827 3.1179 -7.9049
0.82 3.1171 -7.8849
0.813 3.1163 -7.8649
0.806 3.1155 -7.8449
0.799 3.1146 -7.8249
0.792 3.1138 -7.8049
0.785 3.1129 -7.7849
0.778 3.1121 -7.7649
0.771 3.1112 -7.7449
0.764 3.1103 -7.7249
0.757 3.1094 -7.7049
0.75 3.1085 -7.6849
0.743 3.1076 -7.6649
0.736 3.1066 -7.6449
0.729 3.1057 -7.6249
0.722 3.1048 -7.6049
0.715 3.1038 -7.5849
0.708 3.1028 -7.5649
0.701 3.1018 -7.5449
0.694 3.1009 -7.5249
0.687 3.0999 -7.5049
0.68 3.0989 -7.4849
0.673 3.0978 -7.4649
0.666 3.0968 -7.4449
0.659 3.0958 -7.4249
0.652 3.0947 -7.4049
0.645 3.0937 -7.3849
0.638 3.0926 -7.3649
0.631 3.0915 -7.3449
0.624 3.0905 -7.3249
0.617 3.0894 -7.3049
0.6099 3.0883 -7.2849
0.6029 3.0871 -7.2649
0.5959 3.086 -7.2449
0.5889 3.0849 -7.2249
0.5819 3.0837 -7.2049
0.5749 3.0826 -7.1849
0.5679 3.0814 -7.1649
0.5609 3.0803 -7.1449
0.5539 3.0791 -7.1249
0.5469 3.0779 -7.1049
0.5399 3.0767 -7.0848
0.5329 3.0755 -7.0648
0.5259 3.0742 -7.0448
0.5189 3.073 -7.0248
0.5119 3.0718 -7.0048
0.5049 3.0705 -6.9848
0.4979 3.0693 -6.9648
0.4909 3.068 -6.9448
0.4839 3.0667 -6.9248
0.4769 3.0654 -6.9048
0.4699 3.0641 -6.8848
0.4629 3.0628 -6.8648
0.4559 3.0615 -6.8448
0.4489 3.0602 -6.8248
0.4419 3.0588 -6.8048
0.4349 3.0575 -6.7848
0.4279 3.0561 -6.7648
0.4209 3.0547 -6.7448
0.4139 3.0534 -6.7248
0.4069 3.052 -6.7048
0.3999 3.0506 -6.6848
0.3929 3.0492 -6.6648
0.3859 3.0477 -6.6448
0.3789 3.0463 -6.6248
0.3719 3.0449 -6.6048
0.3649 3.0434 -6.5848
0.3579 3.042 -6.5648
0.3509 3.0405 -6.5448
0.3439 3.039 -6.5248
0.3369 3.0375 -6.5048
0.3299 3.036 -6.4848
0.3229 3.0345 -6.4648
0.3159 3.033 -6.4448
0.3089 3.0315 -6.4248
0.3019 3.03 -6.4048
0.2949 3.0284 -6.3848
0.2879 3.0269 -6.3648
0.2809 3.0253 -6.3448
0.2739 3.0237 -6.3248
0.2669 3.0221 -6.3048
0.2599 3.0205 -6.2848
0.2529 3.0189 -6.2648
0.2459 3.0173 -6.2448
0.2389 3.0157 -6.2248
0.2319 3.0141 -6.2048
0.2249 3.0124 -6.1848
0.2179 3.0108 -6.1648
0.2109 3.0091 -6.1448
0.2039 3.0074 -6.1248
0.1969 3.0057 -6.1048
0.1899 3.004 -6.0848
0.1829 3.0023 -6.0648
0.1759 3.0006 -6.0448
0.1689 2.9989 -6.0248
0.1619 2.9972 -6.0048
0.1549 2.9954 -5.9848
0.1479 2.9937 -5.9648
0.1409 2.9919 -5.9448
0.1339 2.9901 -5.9248
0.1269 2.9884 -5.9048
0.1199 2.9866 -5.8848
0.1129 2.9848 -5.8648
0.1059 2.983 -5.8448
0.0989 2.9811 -5.8248
0.0919 2.9793 -5.8048
0.0849 2.9775 -5.7848
0.0779 2.9756 -5.7648
0.0709 2.9738 -5.7448
0.0639 2.9719 -5.7248
0.0569 2.97 -5.7048
0.0499 2.9681 -5.6848
0.0429 2.9662 -5.6648
0.0359 2.9643 -5.6448
0.0289 2.9624 -5.6248
0.0219 2.9605 -5.6048
0.0149 2.9585 -5.5848
0.0079 2.9566 -5.5648
0.0009 2.9546 -5.5448
-0.0061 2.9527 -5.5248
-0.0131 2.9507 -5.5048
-0.0201 2.9487 -5.4848
-0.0271 2.9467 -5.4648
-0.0341 2.9447 -5.4448
-0.0411 2.9427 -5.4248
-0.0481 2.9406 -5.4048
-0.0551 2.9386 -5.3848
-0.0621 2.9366 -5.3648
-0.0691 2.9345 -5.3448
-0.0761 2.9324 -5.3248
-0.0831 2.9304 -5.3048
-0.0901 2.9283 -5.2848
-0.0971 2.9262 -5.2648
-0.1041 2.9241 -5.2448
-0.1111 2.922 -5.2248
-0.1181 2.9198 -5.2048
-0.1251 2.9177 -5.1848
-0.1321 2.9156 -5.1648
-0.1391 2.9134 -5.1448
-0.1461 2.9112 -5.1248
-0.1531 2.9091 -5.1048
-0.1601 2.9069 -5.0848
-0.1671 2.9047 -5.0648
-0.1741 2.9025 -5.0448
-0.1811 2.9003 -5.0248
-0.1881 2.8981 -5.0048
-0.1951 2.8958 -4.9848
-0.2021 2.8936 -4.9648
-0.2091 2.8913 -4.9448
-0.2161 2.8891 -4.9248
-0.2231 2.8868 -4.9048
-0.2301 2.8845 -4.8848
-0.2371 2.8822 -4.8648
-0.2441 2.8799 -4.8448
-0.2511 2.8776 -4.8248
-0.2581 2.8753 -4.8048
-0.2651 2.873 -4.7848
-0.2721 2.8706 -4.7648
-0.2791 2.8683 -4.7448
-0.2861 2.8659 -4.7248
-0.2931 2.8635 -4.7048
-0.3001 2.8612 -4.6848
-0.3071 2.8588 -4.6648
-0.3141 2.8564 -4.6448
-0.3211 2.854 -4.6248
-0.3281 2.8515 -4.6048
-0.3351 2.8491 -4.5848
-0.3421 2.8467 -4.5648
-0.3491 2.8442 -4.5448
-0.3561 2.8418 -4.5248
-0.3631 2.8393 -4.5048
-0.3701 2.8368 -4.4848
-0.3771 2.8343 -4.4648
-0.3841 2.8318 -4.4448
-0.3911 2.8293 -4.4248
-0.3981 2.8268 -4.4048
-0.4051 2.8243 -4.3848
-0.4121 2.8217 -4.3648
-0.4191 2.8192 -4.3448
-0.4261 2.8166 -4.3248
-0.4331 2.8141 -4.3048
-0.4401 2.8115 -4.2848
-0.4471 2.8089 -4.2648
-0.4541 2.8063 -4.2448
-0.4611 2.8037 -4.2248
-0.4681 2.8011 -4.2048
-0.4751 2.7985 -4.1848
-0.4821 2.7958 -4.1648
-0.4891 2.7932 -4.1448
-0.4961 2.7905 -4.1248
-0.5031 2.7879 -4.1048
-0.5101 2.7852 -4.0847
-0.5171 2.7825 -4.0647
-0.5241 2.7798 -4.0447
-0.5311 2.7771 -4.0247
-0.5381 2.7744 -4.0047
-0.5451 2.7717 -3.9847
-0.5521 2.769 -3.9647
-0.5591 2.7662 -3.9447
-0.5661 2.7635 -3.9247
-0.5731 2.7607 -3.9047
-0.5801 2.7579 -3.8847
-0.5871 2.7551 -3.8647
-0.5941 2.7523 -3.8447
-0.6011 2.7495 -3.8247
-0.6081 2.7467 -3.8047
-0.6151 2.7439 -3.7847
-0.6221 2.7411 -3.7647
-0.6291 2.7382 -3.7447
-0.6361 2.7354 -3.7247
-0.6431 2.7325 -3.7047
-0.6501 2.7297 -3.6847
-0.6571 2.7268 -3.6647
-0.6641 2.7239 -3.6447
-0.6711 2.721 -3.6247
-0.6781 2.7181 -3.6047
-0.6851 2.7152 -3.5847
-0.6921 2.7122 -3.5647
-0.6991 2.7093 -3.5447
-0.7061 2.7063 -3.5247
-0.7131 2.7034 -3.5047
-0.7201 2.7004 -3.4847
-0.7271 2.6974 -3.4647
-0.7341 2.6945 -3.4447
-0.7411 2.6915 -3.4247
-0.7481 2.6884 -3.4047
-0.7551 2.6854 -3.3847
-0.7621 2.6824 -3.3647
-0.7691 2.6794 -3.3447
-0.7761 2.6763 -3.3247
-0.7831 2.6733 -3.3047
-0.7901 2.6702 -3.2847
-0.7971 2.6671 -3.2647
-0.8041 2.664 -3.2447
-0.8111 2.6609 -3.2247
-0.8181 2.6578 -3.2047
-0.8251 2.6547 -3.1847
-0.8321 2.6516 -3.1647
-0.8391 2.6485 -3.1447
-0.8461 2.6453 -3.1247
-0.8531 2.6422 -3.1047
-0.8601 2.639 -3.0847
-0.8671 2.6358 -3.0647
-0.8741 2.6326 -3.0447
-0.8811 2.6294 -3.0247
-0.8881 2.6262 -3.0047
-0.8951 2.623 -2.9847
-0.9021 2.6198 -2.9647
-0.9091 2.6166 -2.9447
-0.9161 2.6133 -2.9247
-0.9231 2.6101 -2.9047
-0.9301 2.6068 -2.8847
-0.9371 2.6035 -2.8647
-0.9441 2.6002 -2.8447
-0.9511 2.597 -2.8247
-0.9581 2.5937 -2.8047
-0.9651 2.5903 -2.7847
-0.9721 2.587 -2.7647
-0.9791 2.5837 -2.7447
-0.9861 2.5803 -2.7247
-0.9931 2.577 -2.7047
-1.0001 2.5736 -2.6847
-1.0071 2.5703 -2.6647
-1.0141 2.5669 -2.6447
-1.0211 2.5635 -2.6247
-1.0281 2.5601 -2.6047
-1.0351 2.5567 -2.5847
-1.0421 2.5533 -2.5647
-1.0491 2.5498 -2.5447
-1.0561 2.5464 -2.5247
-1.0631 2.5429 -2.5047
-1.0701 2.5395 -2.4847
-1.0771 2.536 -2.4647
-1.0841 2.5325 -2.4447
-1.0911 2.5291 -2.4247
-1.0981 2.5256 -2.4047
-1.1051 2.522 -2.3847
-1.1121 2.5185 -2.3647
-1.1191 2.515 -2.3447
-1.1261 2.5115 -2.3247
-1.1331 2.5079 -2.3047
-1.1401 2.5044 -2.2847
-1.1471 2.5008 -2.2647
-1.1541 2.4972 -2.2447
-1.1611 2.4936 -2.2247
-1.1681 2.49 -2.2047
-1.1751 2.4864 -2.1847
-1.1821 2.4828 -2.1647
-1.1891 2.4792 -2.1447
-1.1961 2.4756 -2.1247
-1.2031 2.4719 -2.1047
-1.2101 2.4683 -2.0847
-1.2171 2.4646 -2.0647
-1.2241 2.4609 -2.0447
-1.2311 2.4572 -2.0247
-1.2381 2.4535 -2.0047
-1.2451 2.4498 -1.9847
-1.2521 2.4461 -1.9647
-1.2591 2.4424 -1.9447
-1.2661 2.4387 -1.9247
-1.2731 2.4349 -1.9047
-1.2801 2.4312 -1.8847
-1.2871 2.4274 -1.8647
-1.2941 2.4236 -1.8447
-1.3011 2.4198 -1.8247
-1.3081 2.416 -1.8047
-1.3151 2.4122 -1.7847
-1.3221 2.4084 -1.7647
-1.3291 2.4046 -1.7447
-1.3361 2.4008 -1.7247
-1.3431 2.3969 -1.7047
-1.3501 2.3931 -1.6847
-1.3571 2.3892 -1.6647
-1.3641 2.3854 -1.6447
-1.3711 2.3815 -1.6247
-1.3781 2.3776 -1.6047
-1.3851 2.3737 -1.5847
-1.3921 2.3698 -1.5647
-1.3991 2.3659 -1.5447
-1.4061 2.3619 -1.5247
-1.4131 2.358 -1.5047
-1.4201 2.354 -1.4847
-1.4271 2.3501 -1.4647
-1.4341 2.3461 -1.4447
-1.4411 2.3421 -1.4247
-1.4481 2.3381 -1.4047
-1.4551 2.3341 -1.3847
-1.4621 2.3301 -1.3647
-1.4691 2.3261 -1.3447
-1.4761 2.3221 -1.3247
-1.4831 2.318 -1.3047
-1.4901 2.314 -1.2847
-1.4971 2.3099 -1.2647
-1.5041 2.3059 -1.2447
-1.5111 2.3018 -1.2247
-1.5181 2.2977 -1.2047
-1.5251 2.2936 -1.1847
-1.5321 2.2895 -1.1647
-1.5391 2.2854 -1.1447
-1.5461 2.2813 -1.1247
-1.5531 2.2771 -1.1047
-1.5601 2.273 -1.0846
-1.5671 2.2688 -1.0646
-1.5741 2.2647 -1.0446
-1.5811 2.2605 -1.0246
-1.5881 2.2563 -1.0046
-1.5951 2.2521 -0.9846
-1.6021 2.2479 -0.9646
-1.6091 2.2437 -0.9446
-1.6161 2.2395 -0.9246
-1.6231 2.2352 -0.9046
-1.6301 2.231 -0.8846
-1.6371 2.2267 -0.8646
-1.6441 2.2225 -0.8446
-1.6511 2.2182 -0.8246
-1.6581 2.2139 -0.8046
-1.6651 2.2096 -0.7846
-1.6721 2.2053 -0.7646
-1.6791 2.201 -0.7446
-1.6861 2.1967 -0.7246
-1.6931 2.1924 -0.7046
-1.7001 2.188 -0.6846
-1.7071 2.1837 -0.6646
-1.7141 2.1793 -0.6446
-1.7211 2.1749 -0.6246
-1.7281 2.1705 -0.6046
-1.7351 2.1662 -0.5846
-1.7421 2.1618 -0.5646
-1.7491 2.1573 -0.5446
-1.7561 2.1529 -0.5246
-1.7631 2.1485 -0.5046
-1.7701 2.1441 -0.4846
-1.7771 2.1396 -0.4646
-1.7841 2.1351 -0.4446
-1.7911 2.1307 -0.4246
-1.7981 2.1262 -0.4046
-1.8051 2.1217 -0.3846
-1.8121 2.1172 -0.3646
-1.8191 2.1127 -0.3446
-1.8261 2.1082 -0.3246
-1.8331 2.1037 -0.3046
-1.8401 2.0991 -0.2846
-1.8471 2.0946 -0.2646
-1.8541 2.09 -0.2446
-1.8611 2.0854 -0.2246
-1.8681 2.0809 -0.2046
-1.8751 2.0763 -0.1846
-1.8821 2.0717 -0.1646
-1.8891 2.0671 -0.1446
-1.8961 2.0625 -0.1246
-1.9031 2.0578 -0.1046
-1.9101 2.0532 -0.0846
-1.9171 2.0485 -0.0646
-1.9241 2.0439 -0.0446
-1.9311 2.0392 -0.0246
-1.9381 2.0346 -0.0046
-1.9451 2.0299 0.0154
-1.9521 2.0252 0.0354
-1.9591 2.0205 0.0554
-1.9661 2.0158 0.0754
-1.9731 2.011 0.0954
-1.9801 2.0063 0.1154
-1.9871 2.0015 0.1354
-1.9941 1.9968 0.1554
-2.0011 1.992 0.1754
-2.0081 1.9873 0.1954
-2.0151 1.9825 0.2154
-2.0221 1.9777 0.2354
-2.0291 1.9729 0.2554
-2.0361 1.9681 0.2754
-2.0431 1.9632 0.2954
-2.0501 1.9584 0.3154
-2.0571 1.9536 0.3354
-2.0641 1.9487 0.3554
-2.0711 1.9439 0.3754
-2.0781 1.939 0.3954
-2.0851 1.9341 0.4154
-2.0921 1.9292 0.4354
-2.0991 1.9243 0.4554
-2.1061 1.9194 0.4754
-2.1131 1.9145 0.4954
-2.1201 1.9095 0.5154
-2.1271 1.9046 0.5354
-2.1341 1.8997 0.5554
-2.1411 1.8947 0.5754
-2.1481 1.8897 0.5954
-2.1551 1.8847 0.6154
-2.1621 1.8798 0.6354
-2.1691 1.8748 0.6554
-2.1761 1.8698 0.6754
-2.1831 1.8647 0.6954
-2.1901 1.8597 0.7154
-2.1971 1.8547 0.7354
-2.2041 1.8496 0.7554
-2.2111 1.8446 0.7754
-2.2181 1.8395 0.7954
-2.2251 1.8344 0.8154
-2.2321 1.8293 0.8354
-2.2391 1.8242 0.8554
-2.2461 1.8191 0.8754
-2.2531 1.814 0.8954
-2.2601 1.8089 0.9154
-2.2671 1.8037 0.9354
-2.2741 1.7986 0.9554
-2.2811 1.7934 0.9754
-2.2881 1.7883 0.9954
-2.2951 1.7831 1.0154
-2.3021 1.7779 1.0354
-2.3091 1.7727 1.0554
-2.3161 1.7675 1.0754
-2.3231 1.7623 1.0954
-2.3301 1.7571 1.1154
-2.3371 1.7518 1.1354
-2.3441 1.7466 1.1554
-2.3511 1.7413 1.1754
-2.3581 1.7361 1.1954
-2.3651 1.7308 1.2154
-2.3721 1.7255 1.2354
-2.3791 1.7202 1.2554
-2.3862 1.7149 1.2754
-2.3932 1.7096 1.2954
-2.4002 1.7043 1.3154
-2.4072 1.699 1.3354
-2.4142 1.6936 1.3554
-2.4212 1.6883 1.3754
-2.4282 1.6829 1.3954
-2.4352 1.6775 1.4154
-2.4422 1.6721 1.4354
-2.4492 1.6667 1.4554
-2.4562 1.6613 1.4754
-2.4632 1.6559 1.4954
-2.4702 1.6505 1.5154
-2.4772 1.6451 1.5354
-2.4842 1.6396 1.5554
-2.4912 1.6342 1.5754
-2.4982 1.6287 1.5954
-2.5052 1.6233 1.6154
-2.5122 1.6178 1.6354
-2.5192 1.6123 1.6554
-2.5262 1.6068 1.6754
-2.5332 1.6013 1.6954
-2.5402 1.5958 1.7154
-2.5472 1.5902 1.7354
-2.5542 1.5847 1.7554
-2.5612 1.5791 1.7754
-2.5682 1.5736 1.7954
-2.5752 1.568 1.8154
-2.5822 1.5624 1.8354
-2.5892 1.5569 1.8554
-2.5962 1.5513 1.8754
-2.6032 1.5457 1.8954
-2.6102 1.54 1.9155
-2.6172 1.5344 1.9355
-2.6242 1.5288 1.9555
-2.6312 1.5231 1.9755
-2.6382 1.5175 1.9955
-2.6452 1.5118 2.0155
-2.6522 1.5061 2.0355
-2.6592 1.5004 2.0555
-2.6662 1.4947 2.0755
-2.6732 1.489 2.0955
-2.6802 1.4833 2.1155
-2.6872 1.4776 2.1355
-2.6942 1.4719 2.1555
-2.7012 1.4661 2.1755
-2.7082 1.4604 2.1955
-2.7152 1.4546 2.2155
-2.7222 1.4488 2.2355
-2.7292 1.443 2.2555
-2.7362 1.4372 2.2755
-2.7432 1.4314 2.2955
-2.7502 1.4256 2.3155
-2.7572 1.4198 2.3355
-2.7642 1.414 2.3555
-2.7712 1.4081 2.3755
-2.7782 1.4023 2.3955
-2.7852 1.3964 2.4155
-2.7922 1.3905 2.4355
-2.7992 1.3847 2.4555
-2.8062 1.3788 2.4755
-2.8132 1.3729 2.4955
-2.8202 1.367 2.5155
-2.8272 1.361 2.5355
-2.8342 1.3551 2.5555
-2.8412 1.3492 2.5755
-2.8482 1.3432 2.5955
-2.8552 1.3372 2.6155
-2.8622 1.3313 2.6355
-2.8692 1.3253 2.6555
-2.8762 1.3193 2.6755
-2.8832 1.3133 2.6955
-2.8902 1.3073 2.7155
-2.8972 1.3013 2.7355
-2.9042 1.2952 2.7555
-2.9112 1.2892 2.7755
-2.9182 1.2832 2.7955
-2.9252 1.2771 2.8155
-2.9322 1.271 2.8355
-2.9392 1.265 2.8555
-2.9462 1.2589 2.8755
-2.9532 1.2528 2.8955
-2.9602 1.2467 2.9155
-2.9672 1.2405 2.9355
-2.9742 1.2344 2.9555
-2.9812 1.2283 2.9755
-2.9882 1.2221 2.9955
-2.9952 1.216 3.0155
-3.0022 1.2098 3.0355
-3.0092 1.2036 3.0555
-3.0162 1.1974 3.0755
-3.0232 1.1913 3.0955
-3.0302 1.185 3.1155
-3.0372 1.1788 3.1355
-3.0442 1.1726 3.1555
-3.0512 1.1664 3.1755
-3.0582 1.1601 3.1955
-3.0652 1.1539 3.2155
-3.0722 1.1476 3.2355
-3.0792 1.1413 3.2555
-3.0862 1.135 3.2755
-3.0932 1.1287 3.2955
-3.1002 1.1224 3.3155
-3.1072 1.1161 3.3355
-3.1142 1.1098 3.3555
-3.1212 1.1035 3.3755
-3.1282 1.0971 3.3955
-3.1352 1.0908 3.4155
-3.1422 1.0844 3.4355
-3.1492 1.078 3.4555
-3.1562 1.0717 3.4755
-3.1632 1.0653 3.4955
-3.1702 1.0589 3.5155
-3.1772 1.0525 3.5355
-3.1842 1.046 3.5555
-3.1912 1.0396 3.5755
-3.1982 1.0332 3.5955
-3.2052 1.0267 3.6155
-3.2122 1.0202 3.6355
-3.2192 1.0138 3.6555
-3.2262 1.0073 3.6755
-3.2332 1.0008 3.6955
-3.2402 0.9943 3.7155
-3.2472 0.9878 3.7355
-3.2542 0.9813 3.7555
-3.2612 0.9747 3.7755
-3.2682 0.9682 3.7955
-3.2752 0.9617 3.8155
-3.2822 0.9551 3.8355
-3.2892 0.9485 3.8555
-3.2962 0.942 3.8755
-3.3032 0.9354 3.8955
-3.3102 0.9288 3.9155
-3.3172 0.9222 3.9355
-3.3242 0.9155 3.9555
-3.3312 0.9089 3.9755
-3.3382 0.9023 3.9955
-3.3452 0.8956 4.0155
-3.3522 0.889 4.0355
-3.3592 0.8823 4.0555
-3.3662 0.8756 4.0755
-3.3732 0.8689 4.0955
-3.3802 0.8622 4.1155
-3.3872 0.8555 4.1355
-3.3942 0.8488 4.1555
-3.4012 0.8421 4.1755
-3.4082 0.8354 4.1955
-3.4152 0.8286 4.2155
-3.4222 0.8219 4.2355
-3.4292 0.8151 4.2555
-3.4362 0.8083 4.2755
-3.4432 0.8015 4.2955
-3.4502 0.7947 4.3155
-3.4572 0.7879 4.3355
-3.4642 0.7811 4.3555
-3.4712 0.7743 4.3755
-3.4782 0.7675 4.3955
-3.4852 0.7606 4.4155
-3.4922 0.7538 4.4355
-3.4992 0.7469 4.4555
-3.5062 0.74 4.4755
-3.5132 0.7331 4.4955
-3.5202 0.7263 4.5155
-3.5272 0.7193 4.5355
-3.5342 0.7124 4.5555
-3.5412 0.7055 4.5755
-3.5482 0.6986 4.5955
-3.5552 0.6916 4.6155
-3.5622 0.6847 4.6355
-3.5692 0.6777 4.6555
-3.5762 0.6708 4.6755
-3.5832 0.6638 4.6955
-3.5902 0.6568 4.7155
-3.5972 0.6498 4.7355
-3.6042 0.6428 4.7555
-3.6112 0.6358 4.7755
-3.6182 0.6287 4.7955
-3.6252 0.6217 4.8155
-3.6322 0.6146 4.8355
-3.6392 0.6076 4.8555
-3.6462 0.6005 4.8755
-3.6532 0.5934 4.8955
-3.6602 0.5863 4.9156
-3.6672 0.5792 4.9356
-3.6742 0.5721 4.9556
-3.6812 0.565 4.9756
-3.6882 0.5579 4.9956
-3.6952 0.5507 5.0156
-3.7022 0.5436 5.0356
-3.7092 0.5364 5.0556
-3.7162 0.5293 5.0756
-3.7232 0.5221 5.0956
-3.7302 0.5149 5.1156
-3.7372 0.5077 5.1356
-3.7442 0.5005 5.1556
-3.7512 0.4933 5.1756
-3.7582 0.4861 5.1956
-3.7652 0.4788 5.2156
-3.7722 0.4716 5.2356
-3.7792 0.4643 5.2556
-3.7862 0.4571 5.2756
-3.7932 0.4498 5.2956
-3.8002 0.4425 5.3156
-3.8072 0.4352 5.3356
-3.8142 0.4279 5.3556
-3.8212 0.4206 5.3756
-3.8282 0.4133 5.3956
-3.8352 0.4059 5.4156
-3.8422 0.3986 5.4356
-3.8492 0.3912 5.4556
-3.8562 0.3839 5.4756
-3.8632 0.3765 5.4956
-3.8702 0.3691 5.5156
-3.8772 0.3617 5.5356
-3.8842 0.3543 5.5556
-3.8912 0.3469 5.5756
-3.8982 0.3395 5.5956
-3.9052 0.332 5.6156
-3.9122 0.3246 5.6356
-3.9192 0.3172 5.6556
-3.9262 0.3097 5.6756
-3.9332 0.3022 5.6956
-3.9402 0.2947 5.7156
-3.9472 0.2872 5.7356
-3.9542 0.2797 5.7556
-3.9612 0.2722 5.7756
-3.9682 0.2647 5.7956
-3.9752 0.2572 5.8156
-3.9822 0.2496 5.8356
-3.9892 0.2421 5.8556
-3.9962 0.2345 5.8756
-4.0032 0.227 5.8956
-4.0102 0.2194 5.9156
-4.0172 0.2118 5.9356
-4.0242 0.2042 5.9556
-4.0312 0.1966 5.9756
-4.0382 0.189 5.9956
-4.0452 0.1813 6.0156
-4.0522 0.1737 6.0356
-4.0592 0.1661 6.0556
-4.0662 0.1584 6.0756
-4.0732 0.1507 6.0956
-4.0802 0.1431 6.1156
-4.0872 0.1354 6.1356
-4.0942 0.1277 6.1556
-4.1012 0.12 6.1756
-4.1082 0.1122 6.1956
-4.1152 0.1045 6.2156
-4.1222 0.0968 6.2356
-4.1292 0.089 6.2556
-4.1362 0.0813 6.2756
-4.1432 0.0735 6.2956
-4.1502 0.0657 6.3156
-4.1572 0.058 6.3356
-4.1642 0.0502 6.3556
-4.1712 0.0424 6.3756
-4.1782 0.0345 6.3956
-4.1852 0.0267 6.4156
-4.1922 0.0189 6.4356
-4.1992 0.011 6.4556
-4.2062 0.0032 6.4756
-4.209 -0 6.4837
-4.209 0 6.4837
-4.216 0.0055 6.5037
-4.223 0.011 6.5237
-4.23 0.0165 6.5437
-4.237 0.0219 6.5637
-4.244 0.0274 6.5837
-4.251 0.0328 6.6037
-4.258 0.0383 6.6237
-4.265 0.0437 6.6437
-4.272 0.0491 6.6637
-4.279 0.0546 6.6837
-4.286 0.06 6.7037
-4.293 0.0653 6.7237
-4.3 0.0707 6.7437
-4.307 0.0761 6.7637
-4.314 0.0815 6.7837
-4.321 0.0868 6.8037
-4.328 0.0922 6.8237
-4.335 0.0975 6.8437
-4.342 0.1028 6.8637
-4.349 0.1081 6.8837
-4.356 0.1134 6.9037
-4.363 0.1187 6.9237
-4.37 0.124 6.9437
-4.3771 0.1293 6.9637
-4.3841 0.1345 6.9837
-4.3911 0.1398 7.0037
-4.3981 0.145 7.0237
-4.4051 0.1503 7.0437
-4.4121 0.1555 7.0637
-4.4191 0.1607 7.0837
-4.4261 0.1659 7.1037
-4.4331 0.1711 7.1237
-4.4401 0.1763 7.1437
-4.4471 0.1815 7.1637
-4.4541 0.1866 7.1837
-4.4611 0.1918 7.2037
-4.4681 0.1969 7.2237
-4.4751 0.2021 7.2437
-4.4821 0.2072 7.2637
-4.4891 0.2123 7.2837
-4.4961 0.2174 7.3037
-4.5031 0.2225 7.3237
-4.5101 0.2276 7.3437
-4.5171 0.2327 7.3637
-4.5241 0.2377 7.3837
-4.5311 0.2428 7.4037
-4.5381 0.2479 7.4237
-4.5451 0.2529 7.4437
-4.5521 0.2579 7.4637
-4.5591 0.2629 7.4837
-4.5661 0.2679 7.5037
-4.5731 0.2729 7.5237
-4.5801 0.2779 7.5437
-4.5871 0.2829 7.5637
-4.5941 0.2879 7.5837
-4.6011 0.2928 7.6037
-4.6081 0.2978 7.6237
-4.6151 0.3027 7.6437
-4.6221 0.3077 7.6637
-4.6291 0.3126 7.6837
-4.6361 0.3175 7.7037
-4.6431 0.3224 7.7237
-4.6501 0.3273 7.7437
-4.6571 0.3322 7.7637
-4.6641 0.337 7.7837
-4.6711 0.3419 7.8037
-4.6781 0.3468 7.8237
-4.6851 0.3516 7.8437
-4.6921 0.3564 7.8637
-4.6991 0.3612 7.8837
-4.7061 0.3661 7.9037
-4.7131 0.3709 7.9237
-4.7201 0.3757 7.9437
-4.7271 0.3804 7.9637
-4.7341 0.3852 7.9837
-4.7411 0.39 8.0037
-4.7481 0.3947 8.0238
-4.7551 0.3995 8.0438
-4.7621 0.4042 8.0638
-4.7691 0.4089 8.0838
-4.7761 0.4136 8.1038
-4.7831 0.4184 8.1238
-4.7901 0.423 8.1438
-4.7971 0.4277 8.1638
-4.8041 0.4324 8.1838
-4.8111 0.4371 8.2038
-4.8181 0.4417 8.2238
-4.8251 0.4464 8.2438
-4.8321 0.451 8.2638
-4.8391 0.4556 8.2838
-4.8461 0.4602 8.3038
-4.8531 0.4649 8.3238
-4.8601 0.4695 8.3438
-4.8671 0.474 8.3638
-4.8741 0.4786 8.3838
-4.8811 0.4832 8.4038
-4.8881 0.4877 8.4238
-4.8951 0.4923 8.4438
-4.9021 0.4968 8.4638
-4.9091 0.5014 8.4838
-4.9161 0.5059 8.5038
-4.9231 0.5104 8.5238
-4.9301 0.5149 8.5438
-4.9371 0.5194 8.5638
-4.9441 0.5238 8.5838
-4.9511 0.5283 8.6038
-4.9581 0.5328 8.6238
-4.9651 0.5372 8.6438
-4.9721 0.5417 8.6638
-4.9791 0.5461 8.6838
-4.9861 0.5505 8.7038
-4.9931 0.5549 8.7238
-5.0001 0.5593 8.7438
-5.0071 0.5637 8.7638
-5.0141 0.5681 8.7838
-5.0211 0.5725 8.8038
-5.0281 0.5768 8.8238
-5.0351 0.5812 8.8438
-5.0421 0.5855 8.8638
-5.0491 0.5899 8.8838
-5.0561 0.5942 8.9038
-5.0631 0.5985 8.9238
-5.0701 0.6028 8.9438
-5.0771 0.6071 8.9638
-5.0841 0.6114 8.9838
-5.0911 0.6156 9.0038
-5.0981 0.6199 9.0238
-5.1051 0.6242 9.0438
-5.1121 0.6284 9.0638
-5.1191 0.6326 9.0838
-5.1261 0.6369 9.1038
-5.1331 0.6411 9.1238
-5.1401 0.6453 9.1438
-5.1471 0.6495 9.1638
-5.1541 0.6537 9.1838
-5.1611 0.6578 9.2038
-5.1681 0.662 9.2238
-5.1751 0.6661 9.2438
-5.1821 0.6703 9.2638
-5.1891 0.6744 9.2838
-5.1961 0.6786 9.3038
-5.2031 0.6827 9.3238
-5.2101 0.6868 9.3438
-5.2171 0.6909 9.3638
-5.2241 0.695 9.3838
-5.2311 0.699 9.4038
-5.2381 0.7031 9.4238
-5.2451 0.7072 9.4438
-5.2521 0.7112 9.4638
-5.2591 0.7152 9.4838
-5.2661 0.7193 9.5038
-5.2731 0.7233 9.5238
-5.2801 0.7273 9.5438
-5.2871 0.7313 9.5638
-5.2941 0.7353 9.5838
-5.3011 0.7393 9.6038
-5.3081 0.7432 9.6238
-5.3151 0.7472 9.6438
-5.3221 0.7511 9.6638
-5.3291 0.7551 9.6838
-5.3361 0.759 9.7038
-5.3431 0.7629 9.7238
-5.3501 0.7668 9.7438
-5.3571 0.7707 9.7638
-5.3641 0.7746 9.7838
-5.3711 0.7785 9.8038
-5.3781 0.7824 9.8238
-5.3851 0.7862 9.8438
-5.3921 0.7901 9.8638
-5.3991 0.7939 9.8838
-5.4061 0.7978 9.9038
-5.4131 0.8016 9.9238
-5.4201 0.8054 9.9438
-5.4271 0.8092 9.9638
-5.4341 0.813 9.9838
-5.4411 0.8168 10.0038
-5.4481 0.8205 10.0238
-5.4551 0.8243 10.0438
-5.4621 0.8281 10.0638
-5.4691 0.8318 10.0838
-5.4761 0.8355 10.1038
-5.4831 0.8393 10.1238
-5.4901 0.843 10.1438
-5.4971 0.8467 10.1638
-5.5041 0.8504 10.1838
-5.5111 0.8541 10.2038
-5.5181 0.8577 10.2238
-5.5251 0.8614 10.2438
-5.5321 0.865 10.2638
-5.5391 0.8687 10.2838
-5.5461 0.8723 10.3038
-5.5531 0.876 10.3238
-5.5601 0.8796 10.3438
-5.5671 0.8832 10.3638
-5.5741 0.8868 10.3838
-5.5811 0.8904 10.4038
-5.5881 0.8939 10.4238
-5.5951 0.8975 10.4438
-5.6021 0.9011 10.4638
-5.6091 0.9046 10.4838
-5.6161 0.9081 10.5038
-5.6231 0.9117 10.5238
-5.6301 0.9152 10.5438
-5.6371 0.9187 10.5638
-5.6441 0.9222 10.5838
-5.6511 0.9257 10.6038
-5.6581 0.9292 10.6238
-5.6651 0.9326 10.6438
-5.6721 0.9361 10.6638
-5.6791 0.9395 10.6838
-5.6861 0.943 10.7038
-5.6931 0.9464 10.7238
-5.7001 0.9498 10.7438
-5.7071 0.9532 10.7638
-5.7141 0.9566 10.7838
-5.7211 0.96 10.8038
-5.7281 0.9634 10.8238
-5.7351 0.9668 10.8438
-5.7421 0.9701 10.8638
-5.7491 0.9735 10.8838
-5.7561 0.9768 10.9038
-5.7631 0.9801 10.9238
-5.7701 0.9835 10.9438
-5.7771 0.9868 10.9638
-5.7841 0.9901 10.9838
-5.7911 0.9934 11.0038
-5.7981 0.9967 11.0239
-5.8051 0.9999 11.0439
-5.8121 1.0032 11.0639
-5.8191 1.0064 11.0839
-5.8261 1.0097 11.1039
-5.8331 1.0129 11.1239
-5.8401 1.0161 11.1439
-5.8471 1.0194 11.1639
-5.8541 1.0226 11.1839
-5.8611 1.0258 11.2039
-5.8681 1.0289 11.2239
-5.8751 1.0321 11.2439
-5.8821 1.0353 11.2639
-5.8891 1.0384 11.2839
-5.8961 1.0416 11.3039
-5.9031 1.0447 11.3239
-5.9101 1.0478 11.3439
-5.9171 1.0509 11.3639
-5.9241 1.0541 11.3839
-5.9311 1.0572 11.4039
-5.9381 1.0602 11.4239
-5.9451 1.0633 11.4439
-5.9521 1.0664 11.4639
-5.9591 1.0694 11.4839
-5.9661 1.0725 11.5039
-5.9731 1.0755 11.5239
-5.9801 1.0785 11.5439
-5.9871 1.0816 11.5639
-5.9941 1.0846 11.5839
-6.0011 1.0876 11.6039
-6.0081 1.0906 11.6239
-6.0151 1.0935 11.6439
-6.0221 1.0965 11.6639
-6.0291 1.0995 11.6839
-6.0361 1.1024 11.7039
-6.0431 1.1053 11.7239
-6.0501 1.1083 11.7439
-6.0571 1.1112 11.7639
-6.0641 1.1141 11.7839
-6.0711 1.117 11.8039
-6.0781 1.1199 11.8239
-6.0851 1.1228 11.8439
-6.0921 1.1256 11.8639
-6.0991 1.1285 11.8839
-6.1061 1.1314 11.9039
-6.1131 1.1342 11.9239
-6.1201 1.137 11.9439
-6.1271 1.1398 11.9639
-6.1341 1.1427 11.9839
-6.1411 1.1455 12.0039
-6.1481 1.1482 12.0239
-6.1551 1.151 12.0439
-6.1621 1.1538 12.0639
-6.1691 1.1566 12.0839
-6.1761 1.1593 12.1039
-6.1831 1.1621 12.1239
-6.1901 1.1648 12.1439
-6.1971 1.1675 12.1639
-6.2041 1.1702 12.1839
-6.2111 1.1729 12.2039
-6.2181 1.1756 12.2239
-6.2251 1.1783 12.2439
-6.2321 1.181 12.2639
-6.2391 1.1836 12.2839
-6.2461 1.1863 12.3039
-6.2531 1.1889 12.3239
-6.2601 1.1916 12.3439
-6.2671 1.1942 12.3639
-6.2741 1.1968 12.3839
-6.2811 1.1994 12.4039
-6.2881 1.202 12.4239
-6.2951 1.2046 12.4439
-6.3021 1.2072 12.4639
-6.3091 1.2097 12.4839
-6.3161 1.2123 12.5039
-6.3231 1.2148 12.5239
-6.3301 1.2174 12.5439
-6.3371 1.2199 12.5639
-6.3441 1.2224 12.5839
-6.3511 1.2249 12.6039
-6.3581 1.2274 12.6239
-6.3651 1.2299 12.6439
-6.3721 1.2324 12.6639
-6.3791 1.2349 12.6839
-6.3861 1.2373 12.7039
-6.3931 1.2398 12.7239
-6.4001 1.2422 12.7439
-6.4071 1.2446 12.7639
-6.4141 1.2471 12.7839
-6.4211 1.2495 12.8039
-6.4281 1.2519 12.8239
-6.4351 1.2542 12.8439
-6.4421 1.2566 12.8639
-6.4491 1.259 12.8839
-6.4561 1.2614 12.9039
-6.4631 1.2637 12.9239
-6.4701 1.266 12.9439
-6.4771 1.2684 12.9639
-6.4841 1.2707 12.9839
-6.4911 1.273 13.0039
-6.4981 1.2753 13.0239
-6.5051 1.2776 13.0439
-6.5121 1.2799 13.0639
-6.5191 1.2822 13.0839
-6.5261 1.2844 13.1039
-6.5331 1.2867 13.1239
-6.5401 1.2889 13.1439
-6.5471 1.2911 13.1639
-6.5541 1.2934 13.1839
-6.5611 1.2956 13.2039
-6.5681 1.2978 13.2239
-6.5751 1.3 13.2439
-6.5821 1.3022 13.2639
-6.5891 1.3043 13.2839
-6.5961 1.3065 13.3039
-6.6031 1.3086 13.3239
-6.6101 1.3108 13.3439
-6.6171 1.3129 13.3639
-6.6241 1.315 13.3839
-6.6311 1.3172 13.4039
-6.6381 1.3193 13.4239
-6.6451 1.3214 13.4439
-6.6521 1.3234 13.4639
-6.6591 1.3255 13.4839
-6.6661 1.3276 13.5039
-6.6731 1.3296 13.5239
-6.6801 1.3317 13.5439
-6.6871 1.3337 13.5639
-6.6941 1.3358 13.5839
-6.7011 1.3378 13.6039
-6.7081 1.3398 13.6239
-6.7151 1.3418 13.6439
-6.7221 1.3438 13.6639
-6.7291 1.3457 13.6839
-6.7361 1.3477 13.7039
-6.7431 1.3497 13.7239
-6.7501 1.3516 13.7439
-6.7571 1.3535 13.7639
-6.7641 1.3555 13.7839
-6.7711 1.3574 13.8039
-6.7781 1.3593 13.8239
-6.7851 1.3612 13.8439
-6.7921 1.3631 13.8639
-6.7991 1.365 13.8839
-6.8061 1.3668 13.9039
-6.8131 1.3687 13.9239
-6.8201 1.3705 13.9439
-6.8271 1.3724 13.9639
-6.8341 1.3742 13.9839
-6.8411 1.376 14.0039
-6.8481 1.3778 14.024
-6.8551 1.3796 14.044
-6.8621 1.3814 14.064
-6.8691 1.3832 14.084
-6.8761 1.385 14.104
-6.8831 1.3868 14.124
-6.8901 1.3885 14.144
-6.8971 1.3902 14.164
-6.9041 1.392 14.184
-6.9111 1.3937 14.204
-6.9181 1.3954 14.224
-6.9251 1.3971 14.244
-6.9321 1.3988 14.264
-6.9391 1.4005 14.284
-6.9461 1.4022 14.304
-6.9531 1.4038 14.324
-6.9601 1.4055 14.344
-6.9671 1.4071 14.364
-6.9741 1.4088 14.384
-6.9811 1.4104 14.404
-6.9881 1.412 14.424
-6.9951 1.4136 14.444
-7.0021 1.4152 14.464
-7.0091 1.4168 14.484
-7.0161 1.4184 14.504
-7.0231 1.4199 14.524
-7.0301 1.4215 14.544
-7.0371 1.423 14.564
-7.0441 1.4246 14.584
-7.0511 1.4261 14.604
-7.0581 1.4276 14.624
-7.0651 1.4291 14.644
-7.0721 1.4306 14.664
-7.0791 1.4321 14.684
-7.0861 1.4336 14.704
-7.0931 1.435 14.724
-7.1001 1.4365 14.744
-7.1071 1.4379 14.764
-7.1141 1.4394 14.784
-7.1211 1.4408 14.804
-7.1281 1.4422 14.824
-7.1351 1.4436 14.844
-7.1421 1.445 14.864
-7.1491 1.4464 14.884
-7.1561 1.4478 14.904
-7.1631 1.4492 14.924
-7.1701 1.4505 14.944
-7.1771 1.4519 14.964
-7.1841 1.4532 14.984
-7.1911 1.4545 15.004
-7.1981 1.4559 15.024
-7.2051 1.4572 15.044
-7.2121 1.4585 15.064
-7.2191 1.4598 15.084
-7.2261 1.461 15.104
-7.2331 1.4623 15.124
-7.2401 1.4636 15.144
-7.2471 1.4648 15.164
-7.2541 1.4661 15.184
-7.2611 1.4673 15.204
-7.2681 1.4685 15.224
-7.2751 1.4697 15.244
-7.2821 1.4709 15.264
-7.2891 1.4721 15.284
-7.2961 1.4733 15.304
-7.3031 1.4745 15.324
-7.3101 1.4756 15.344
-7.3171 1.4768 15.364
-7.3241 1.4779 15.384
-7.3311 1.4791 15.404
-7.3381 1.4802 15.424
-7.3451 1.4813 15.444
-7.3521 1.4824 15.464
-7.3591 1.4835 15.484
-7.3661 1.4846 15.504
-7.3732 1.4857 15.524
-7.3802 1.4867 15.544
-7.3872 1.4878 15.564
-7.3942 1.4888 15.584
-7.4012 1.4899 15.604
-7.4082 1.4909 15.624
-7.4152 1.4919 15.644
-7.4222 1.4929 15.664
-7.4292 1.4939 15.684
-7.4362 1.4949 15.704
-7.4432 1.4959 15.724
-7.4502 1.4968 15.744
-7.4572 1.4978 15.764
-7.4642 1.4987 15.784
-7.4712 1.4997 15.804
-7.4782 1.5006 15.824
-7.4852 1.5015 15.844
-7.4922 1.5024 15.864
-7.4992 1.5033 15.884
-7.5062 1.5042 15.904
-7.5132 1.5051 15.924
-7.5202 1.506 15.944
-7.5272 1.5068 15.964
-7.5342 1.5077 15.984
-7.5412 1.5085 16.004
-7.5482 1.5093 16.024
-7.5552 1.5102 16.044
-7.5622 1.511 16.064
-7.5692 1.5118 16.084
-7.5762 1.5126 16.104
-7.5832 1.5133 16.124
-7.5902 1.5141 16.144
-7.5972 1.5149 16.164
-7.6042 1.5156 16.184
-7.6112 1.5164 16.204
-7.6182 1.5171 16.224
-7.6252 1.5178 16.244
-7.6322 1.5185 16.264
-7.6392 1.5192 16.284
-7.6462 1.5199 16.304
-7.6532 1.5206 16.324
-7.6602 1.5213 16.344
-7.6672 1.5219 16.364
-7.6742 1.5226 16.384
-7.6812 1.5232 16.404
-7.6882 1.5239 16.424
-7.6952 1.5245 16.444
-7.7022 1.5251 16.464
-7.7092 1.5257 16.484
-7.7162 1.5263 16.504
-7.7232 1.5269 16.524
-7.7302 1.5275 16.544
-7.7372 1.528 16.564
-7.7442 1.5286 16.584
-7.7512 1.5291 16.604
-7.7582 1.5297 16.624
-7.7652 1.5302 16.644
-7.7722 1.5307 16.664
-7.7792 1.5312 16.684
-7.7862 1.5317 16.704
-7.7932 1.5322 16.724
-7.8002 1.5327 16.744
-7.8072 1.5331 16.764
-7.8142 1.5336 16.784
-7.8212 1.534 16.804
-7.8282 1.5345 16.824
-7.8352 1.5349 16.844
-7.8422 1.5353 16.864
-7.8492 1.5357 16.884
-7.8562 1.5361 16.904
-7.8632 1.5365 16.924
-7.8702 1.5369 16.944
-7.8772 1.5372 16.964
-7.8842 1.5376 16.984
-7.8912 1.538 16.985
-7.8912 1.538 16.985
-7.8912 1.538 16.985
-7.8912 1.538 16.985
-7.8912 1.538 16.985
-7.8912 1.538 16.985
-7.8912 1.538 16.985
-7.8912 1.538 16.985
-7.8912 1.538 16.985
-7.8912 1.538 16.985
-7.8912 1.538 16.985
-7.8912 1.538 16.985
-7.8912 1.538 16.985
-7.8912 1.538 16.985
-7.8912 1.538 16.985
-7.8912 1.538 16.985
-7.8912 1.538 16.985
-7.8912 1.538 16.985
-7.8912 1.538 16.985
-7.8912 1.538 16.985
-7.8912 1.538 16.985
-7.8912 1.538 16.985
-7.8912 1.538 16.985
-7.8912 1.538 16.985
-7.8912 1.538 16.985
-7.8912 1.538 16.985
-7.8912 1.538 16.985
-7.8912 1.538 16.985
-7.8912 1.538 16.985
-7.8912 1.538 16.985
-7.8912 1.538 16.985
-7.8912 1.538 16.985
-7.8912 1.538 16.985
-7.8912 1.538 16.985
-7.8912 1.538 16.985
-7.8912 1.538 16.985
-7.8912 1.538 16.985
-7.8912 1.538 16.985
-7.8912 1.538 16.985
-7.8912 1.538 16.985
-7.8912 1.538 16.985
-7.8912 1.538 16.985
-7.8912 1.538 16.985
-7.8912 1.538 16.985
-7.8912 1.538 16.985
-7.8912 1.538 16.985
-7.8912 1.538 16.985
-7.8912 1.538 16.985
-7.8912 1.538 16.985
-7.8912 1.538 16.985
-7.8912 1.538 16.985
-7.8912 1.538 16.985
-7.8912 1.538 16.985
-7.8912 1.538 16.985
-7.8912 1.538 16.985
-7.8912 1.538 16.985
-7.8912 1.538 16.985
-7.8912 1.538 16.985
-7.8912 1.538 16.985
-7.8912 1.538 16.985
-7.8912 1.538 16.985
-7.8912 1.538 16.985
-7.8912 1.538 16.985
-7.8912 1.538 16.985
-7.8912 1.538 16.985
-7.8912 1.538 16.985
-7.8912 1.538 16.985
-7.8912 1.538 16.985
-7.8912 1.538 16.985
-7.8912 1.538 16.985
-7.8912 1.538 16.985
-7.8912 1.538 16.985
-7.8912 1.538 16.985
-7.8912 1.538 16.985
-7.8912 1.538 16.985
-7.8912 1.538 16.985
-7.8912 1.538 16.985
-7.8912 1.538 16.985
-7.8912 1.538 16.985
-7.8912 1.538 16.985
-7.8912 1.538 16.985
-7.8912 1.538 16.985
-7.8912 1.538 16.985
-7.8912 1.538 16.985
-7.8912 1.538 16.985
-7.8912 1.538 16.985
-7.8912 1.538 16.985
-7.8912 1.538 16.985
-7.8912 1.538 16.985
-7.8912 1.538 16.985
-7.8912 1.538 16.985
-7.8912 1.538 16.985
-7.8912 1.538 16.985
-7.8912 1.538 16.985
-7.8912 1.538 16.985
-7.8912 1.538 16.985
-7.8912 1.538 16.985
-7.8912 1.538 16.985
-7.8912 1.538 16.985
-7.8912 1.538 16.985
-7.8912 1.538 16.985
-7.8912 1.538 16.985
-7.8912 1.538 16.985
-7.8912 1.538 16.985
-7.8912 1.538 16.985
-7.8912 1.538 16.985
-7.8912 1.538 16.985
-7.8912 1.538 16.985
-7.8912 1.538 16.985
-7.8912 1.538 16.985
-7.8912 1.538 16.985
-7.8912 1.538 16.985
-7.8912 1.538 16.985
-7.8912 1.538 16.985
-7.8912 1.538 16.985
-7.8912 1.538 16.985
-7.8912 1.538 16.985
-7.8912 1.538 16.985
-7.8912 1.538 16.985
-7.8912 1.538 16.985
-7.8912 1.538 16.985
-7.8912 1.538 16.985
-7.8912 1.538 16.985
-7.8912 1.538 16.985
-7.8912 1.538 16.985
-7.8912 1.538 16.985
-7.8912 1.538 16.985
-7.8912 1.538 16.985
-7.8912 1.538 16.985
-7.8912 1.538 16.985
-7.8912 1.538 16.985
-7.8912 1.538 16.985
-7.8912 1.538 16.985
-7.8912 1.538 16.985
-7.8912 1.538 16.985
-7.8912 1.538 16.985
-7.8912 1.538 16.985
-7.8912 1.538 16.985
-7.8912 1.538 16.985
-7.8912 1.538 16.985
-7.8912 1.538 16.985
-7.8912 1.538 16.985
-7.8912 1.538 16.985
-7.8912 1.538 16.985
-7.8912 1.538 16.985
-7.8912 1.538 16.985
-7.8912 1.538 16.985
-7.8912 1.538 16.985
-7.8912 1.538 16.985
-7.8912 1.538 16.985
-7.8912 1.538 16.985
-7.8912 1.538 16.985
-7.8912 1.538 16.985
-7.8912 1.538 16.985
-7.8912 1.538 16.985
-7.8912 1.538 16.985
-7.8912 1.538 16.985
-7.8912 1.538 16.985
-7.8912 1.538 16.985
-7.8912 1.538 16.985
-7.8912 1.538 16.985
-7.8912 1.538 16.985
-7.8912 1.538 16.985
-7.8912 1.538 16.985
-7.8912 1.538 16.985
-7.8912 1.538 16.985
-7.8912 1.538 16.985
-7.8912 1.538 16.985
-7.8912 1.538 16.985
-7.8912 1.538 16.985
-7.8912 1.538 16.985
-7.8912 1.538 16.985
-7.8912 1.538 16.985
-7.8912 1.538 16.985
-7.8912 1.538 16.985
-7.8912 1.538 16.985
-7.8912 1.538 16.985
-7.8912 1.538 16.985
-7.8912 1.538 16.985
-7.8912 1.538 16.985
-7.8912 1.538 16.985
-7.8912 1.538 16.985
-7.8912 1.538 16.985
-7.8912 1.538 16.985
-7.8912 1.538 16.985
-7.8912 1.538 16.985
-7.8912 1.538 16.985
-7.8912 1.538 16.985
-7.8912 1.538 16.985
-7.8912 1.538 16.985
-7.8912 1.538 16.985
-7.8912 1.538 16.985
-7.8912 1.538 16.985
-7.8912 1.538 16.985
-7.8912 1.538 16.985
-7.8912 1.538 16.985
-7.8912 1.538 16.985
-7.8912 1.538 16.985
-7.8912 1.538 16.985
-7.8912 1.538 16.985
-7.8912 1.538 16.985
-7.8912 1.538 16.985
-7.8912 1.538 16.985
-7.8912 1.538 16.985
-7.8912 1.538 16.985
-7.8912 1.538 16.985
-7.8912 1.538 16.985
-7.8912 1.538 16.985
-7.8912 1.538 16.985
-7.8912 1.538 16.985
-7.8912 1.538 16.985
-7.8912 1.538 16.985
-7.8912 1.538 16.985
-7.8912 1.538 16.985
-7.8912 1.538 16.985
-7.8912 1.538 16.985
-7.8912 1.538 16.985
-7.8912 1.538 16.985
-7.8912 1.538 16.985
-7.8912 1.538 16.985
-7.8912 1.538 16.985
-7.8912 1.538 16.985
-7.8912 1.538 16.985
-7.8912 1.538 16.985
-7.8912 1.538 16.985
-7.8912 1.538 16.985
-7.8912 1.538 16.985
-7.8912 1.538 16.985
-7.8912 1.538 16.985
-7.8912 1.538 16.985
-7.8912 1.538 16.985
-7.8912 1.538 16.985
-7.8912 1.538 16.985
-7.8912 1.538 16.985
-7.8912 1.538 16.985
-7.8912 1.538 16.985
-7.8912 1.538 16.985
-7.8912 1.538 16.985
-7.8912 1.538 16.985
-7.8912 1.538 16.985
-7.8912 1.538 16.985
-7.8912 1.538 16.985
-7.8912 1.538 16.985
-7.8912 1.538 16.985
-7.8912 1.538 16.985
-7.8912 1.538 16.985
-7.8912 1.538 16.985
-7.8912 1.538 16.985
-7.8912 1.538 16.985
-7.8912 1.538 16.985
-7.8912 1.538 16.985
-7.8912 1.538 16.985
-7.8912 1.538 16.985
-7.8912 1.538 16.985
-7.8912 1.538 16.985
-7.8912 1.538 16.985
-7.8912 1.538 16.985
-7.8912 1.538 16.985
-7.8912 1.538 16.985
-7.8912 1.538 16.985
-7.8912 1.538 16.985
-7.8912 1.538 16.985
-7.8912 1.538 16.985
-7.8912 1.538 16.985
-7.8912 1.538 16.985
-7.8912 1.538 16.985
-7.8912 1.538 16.985
-7.8912 1.538 16.985
-7.8912 1.538 16.985
-7.8912 1.538 16.985
-7.8912 1.538 16.985
-7.8912 1.538 16.985
-7.8912 1.538 16.985
-7.8912 1.538 16.985
-7.8912 1.538 16.985
-7.8912 1.538 16.985
-7.8912 1.538 16.985
-7.8912 1.538 16.985
-7.8912 1.538 16.985
-7.8912 1.538 16.985
-7.8912 1.538 16.985
-7.8912 1.538 16.985
-7.8912 1.538 16.985
-7.8912 1.538 16.985
-7.8912 1.538 16.985
-7.8912 1.538 16.985
-7.8912 1.538 16.985
-7.8912 1.538 16.985
-7.8912 1.538 16.985
-7.8912 1.538 16.985
-7.8912 1.538 16.985
-7.8912 1.538 16.985
-7.8912 1.538 16.985
-7.8912 1.538 16.985
-7.8912 1.538 16.985
-7.8912 1.538 16.985
-7.8912 1.538 16.985
-7.8912 1.538 16.985
-7.8912 1.538 16.985
-7.8912 1.538 16.985
-7.8912 1.538 16.985
-7.8912 1.538 16.985
-7.8912 1.538 16.985
-7.8912 1.538 16.985
-7.8912 1.538 16.985
-7.8912 1.538 16.985
-7.8912 1.538 16.985
-7.8912 1.538 16.985
-7.8912 1.538 16.985
-7.8912 1.538 16.985
-7.8912 1.538 16.985
-7.8912 1.538 16.985
-7.8912 1.538 16.985
-7.8912 1.538 16.985
-7.8912 1.538 16.985
-7.8912 1.538 16.985
-7.8912 1.538 16.985
-7.8912 1.538 16.985
-7.8912 1.538 16.985
-7.8912 1.538 16.985
-7.8912 1.538 16.985
-7.8912 1.538 16.985
-7.8912 1.538 16.985
-7.8912 1.538 16.985
-7.8912 1.538 16.985
-7.8912 1.538 16.985
-7.8912 1.538 16.985
-7.8912 1.538 16.985
-7.8912 1.538 16.985
-7.8912 1.538 16.985
-7.8912 1.538 16.985
-7.8912 1.538 16.985
-7.8912 1.538 16.985
-7.8912 1.538 16.985
-7.8912 1.538 16.985
-7.8912 1.538 16.985
-7.8912 1.538 16.985
-7.8912 1.538 16.985
-7.8912 1.538 16.985
-7.8912 1.538 16.985
-7.8912 1.538 16.985
-7.8912 1.538 16.985
-7.8912 1.538 16.985
-7.8912 1.538 16.985
-7.8912 1.538 16.985
-7.8912 1.538 16.985
-7.8912 1.538 16.985
-7.8912 1.538 16.985
-7.8912 1.538 16.985
-7.8912 1.538 16.985
-7.8912 1.538 16.985
-7.8912 1.538 16.985
-7.8912 1.538 16.985
-7.8912 1.538 16.985
-7.8912 1.538 16.985
-7.8912 1.538 16.985
-7.8912 1.538 16.985
-7.8912 1.538 16.985
-7.8912 1.538 16.985
-7.8912 1.538 16.985
-7.8912 1.538 16.985
-7.8912 1.538 16.985
-7.8912 1.538 16.985
-7.8912 1.538 16.985
-7.8912 1.538 16.985
-7.8912 1.538 16.985
-7.8912 1.538 16.985
-7.8912 1.538 16.985
-7.8912 1.538 16.985
-7.8912 1.538 16.985
-7.8912 1.538 16.985
-7.8912 1.538 16.985
-7.8912 1.538 16.985
-7.8912 1.538 16.985
-7.8912 1.538 16.985
-7.8912 1.538 16.985
-7.8912 1.538 16.985
-7.8912 1.538 16.985
-7.8912 1.538 16.985
-7.8912 1.538 16.985
-7.8912 1.538 16.985
-7.8912 1.538 16.985
-7.8912 1.538 16.985
-7.8912 1.538 16.985
-7.8912 1.538 16.985
-7.8912 1.538 16.985
-7.8912 1.538 16.985
-7.8912 1.538 16.985
-7.8912 1.538 16.985
-7.8912 1.538 16.985
-7.8912 1.538 16.985
-7.8912 1.538 16.985
-7.8912 1.538 16.985
-7.8912 1.538 16.985
-7.8912 1.538 16.985
-7.8912 1.538 16.985
-7.8912 1.538 16.985
-7.8912 1.538 16.985
-7.8912 1.538 16.985
-7.8912 1.538 16.985
-7.8912 1.538 16.985
-7.8912 1.538 16.985
-7.8912 1.538 16.985
-7.8912 1.538 16.985
-7.8912 1.538 16.985
-7.8912 1.538 16.985
-7.8912 1.538 16.985
-7.8912 1.538 16.985
-7.8912 1.538 16.985
-7.8912 1.538 16.985
-7.8912 1.538 16.985
-7.8912 1.538 16.985
-7.8912 1.538 16.985
-7.8912 1.538 16.985
-7.8912 1.538 16.985
-7.8912 1.538 16.985
-7.8912 1.538 16.985
-7.8912 1.538 16.985
-7.8912 1.538 16.985
-7.8912 1.538 16.985
-7.8912 1.538 16.985
-7.8912 1.538 16.985
-7.8912 1.538 16.985
-7.8912 1.538 16.985
-7.8912 1.538 16.985
-7.8912 1.538 16.985
-7.8912 1.538 16.985
-7.8912 1.538 16.985
-7.8912 1.538 16.985
-7.8912 1.538 16.985
-7.8912 1.538 16.985
-7.8912 1.538 16.985
-7.8912 1.538 16.985
-7.8912 1.538 16.985
-7.8912 1.538 16.985
-7.8912 1.538 16.985
-7.8912 1.538 16.985
-7.8912 1.538 16.985
-7.8912 1.538 16.985
-7.8912 1.538 16.985
-7.8912 1.538 16.985
-7.8912 1.538 16.985
-7.8912 1.538 16.985
-7.8912 1.538 16.985
-7.8912 1.538 16.985
-7.8912 1.538 16.985
-7.8912 1.538 16.985
-7.8912 1.538 16.985
-7.8912 1.538 16.985
-7.8912 1.538 16.985
-7.8912 1.538 16.985
-7.8912 1.538 16.985
-7.8912 1.538 16.985
-7.8912 1.538 16.985
-7.8912 1.538 16.985
-7.8912 1.538 16.985
-7.8912 1.538 16.985
-7.8912 1.538 16.985
-7.8912 1.538 16.985
-7.8912 1.538 16.985
-7.8912 1.538 16.985
-7.8912 1.538 16.985
-7.8912 1.538 16.985
-7.8912 1.538 16.985
-7.8912 1.538 16.985
-7.8912 1.538 16.985
-7.8912 1.538 16.985
-7.8912 1.538 16.985
-7.8912 1.538 16.985
-7.8912 1.538 16.985
-7.8912 1.538 16.985
-7.8912 1.538 16.985
-7.8912 1.538 16.985
-7.8912 1.538 16.985
-7.8912 1.538 16.985
-7.8912 1.538 16.985
-7.8912 1.538 16.985
-7.8912 1.538 16.985
-7.8912 1.538 16.985
-7.8912 1.538 16.985
-7.8912 1.538 16.985
-7.8912 1.538 16.985
-7.8912 1.538 16.985
-7.8912 1.538 16.985
-7.8912 1.538 16.985
-7.8912 1.538 16.985
-7.8912 1.538 16.985
-7.8912 1.538 16.985
-7.8912 1.538 16.985
-7.8912 1.538 16.985
-7.8912 1.538 16.985
-7.8912 1.538 16.985
-7.8912 1.538 16.985
-7.8912 1.538 16.985
-7.8912 1.538 16.985
-7.8912 1.538 16.985
-7.8912 1.538 16.985
-7.8912 1.538 16.985
-7.8912 1.538 16.985
-7.8912 1.538 16.985
-7.8912 1.538 16.985
-7.8912 1.538 16.985
-7.8912 1.538 16.985
-7.8912 1.538 16.985
-7.8912 1.538 16.985
-7.8912 1.538 16.985
-7.8912 1.538 16.985
-7.8912 1.538 16.985
-7.8912 1.538 16.985
-7.8912 1.538 16.985
-7.8912 1.538 16.985
-7.8912 1.538 16.985
-7.8912 1.538 16.985
-7.8912 1.538 16.985
-7.8912 1.538 16.985
-7.8912 1.538 16.985
-7.8912 1.538 16.985
-7.8912 1.538 16.985
-7.8912 1.538 16.985
-7.8912 1.538 16.985
-7.8912 1.538 16.985
-7.8912 1.538 16.985
-7.8912 1.538 16.985
-7.8912 1.538 16.985
-7.8912 1.538 16.985
-7.8912 1.538 16.985
-7.8912 1.538 16.985
-7.8912 1.538 16.985
-7.8912 1.538 16.985
-7.8912 1.538 16.985
-7.8912 1.538 16.985
-7.8912 1.538 16.985
-7.8912 1.538 16.985
-7.8912 1.538 16.985
-7.8912 1.538 16.985
-7.8912 1.538 16.985
-7.8912 1.538 16.985
-7.8912 1.538 16.985
-7.8912 1.538 16.985
-7.8912 1.538 16.985
-7.8912 1.538 16.985
-7.8912 1.538 16.985
-7.8912 1.538 16.985
-7.8912 1.538 16.985
-7.8912 1.538 16.985
-7.8912 1.538 16.985
-7.8912 1.538 16.985
-7.8912 1.538 16.985
-7.8912 1.538 16.985
-7.8912 1.538 16.985
-7.8912 1.538 16.985
-7.8912 1.538 16.985
-7.8912 1.538 16.985
-7.8912 1.538 16.985
-7.8912 1.538 16.985
-7.8912 1.538 16.985
-7.8912 1.538 16.985
-7.8912 1.538 16.985
-7.8912 1.538 16.985
-7.8912 1.538 16.985
-7.8912 1.538 16.985
-7.8912 1.538 16.985
-7.8912 1.538 16.985
-7.8912 1.538 16.985
-7.8912 1.538 16.985
-7.8912 1.538 16.985
-7.8912 1.538 16.985
-7.8912 1.538 16.985
-7.8912 1.538 16.985
-7.8912 1.538 16.985
-7.8912 1.538 16.985
-7.8912 1.538 16.985
-7.8912 1.538 16.985
-7.8912 1.538 16.985
-7.8912 1.538 16.985
-7.8912 1.538 16.985
-7.8912 1.538 16.985
-7.8912 1.538 16.985
-7.8912 1.538 16.985
-7.8912 1.538 16.985
-7.8912 1.538 16.985
-7.8912 1.538 16.985
-7.8912 1.538 16.985
-7.8912 1.538 16.985
-7.8912 1.538 16.985
-7.8912 1.538 16.985
-7.8912 1.538 16.985
-7.8912 1.538 16.985
-7.8912 1.538 16.985
-7.8912 1.538 16.985
-7.8912 1.538 16.985
-7.8912 1.538 16.985
-7.8912 1.538 16.985
-7.8912 1.538 16.985
-7.8912 1.538 16.985
-7.8912 1.538 16.985
-7.8912 1.538 16.985
-7.8912 1.538 16.985
