-3.115 3.1 -11.285
-3.105 3.093 -11.235
-3.095 3.086 -11.185
-3.085 3.079 -11.135
-3.075 3.0719 -11.085
-3.065 3.0649 -11.035
-3.055 3.0578 -10.985
-3.045 3.0508 -10.935
-3.035 3.0437 -10.885
-3.025 3.0366 -10.835
-3.015 3.0295 -10.785
-3.005 3.0224 -10.735
-2.995 3.0153 -10.685
-2.985 3.0082 -10.635
-2.975 3.001 -10.585
-2.965 2.9939 -10.535
-2.955 2.9867 -10.485
-2.945 2.9796 -10.435
-2.935 2.9724 -10.385
-2.925 2.9652 -10.335
-2.915 2.958 -10.285
-2.905 2.9508 -10.235
-2.895 2.9436 -10.185
-2.885 2.9364 -10.135
-2.875 2.9292 -10.085
-2.865 2.9219 -10.035
-2.855 2.9147 -9.985
-2.845 2.9074 -9.935
-2.835 2.9001 -9.885
-2.825 2.8929 -9.835
-2.815 2.8856 -9.7849
-2.805 2.8783 -9.7349
-2.795 2.871 -9.6849
-2.785 2.8637 -9.6349
-2.775 2.8563 -9.5849
-2.765 2.849 -9.5349
-2.755 2.8416 -9.4849
-2.745 2.8343 -9.4349
-2.735 2.8269 -9.3849
-2.725 2.8195 -9.3349
-2.715 2.8121 -9.2849
-2.705 2.8047 -9.2349
-2.695 2.7973 -9.1849
-2.685 2.7899 -9.1349
-2.675 2.7825 -9.0849
-2.665 2.7751 -9.0349
-2.655 2.7676 -8.9849
-2.645 2.7602 -8.9349
-2.635 2.7527 -8.8849
-2.625 2.7452 -8.8349
-2.615 2.7377 -8.7849
-2.605 2.7302 -8.7349
-2.595 2.7227 -8.6849
-2.585 2.7152 -8.6349
-2.575 2.7077 -8.5849
-2.565 2.7001 -8.5349
-2.555 2.6926 -8.4849
-2.545 2.685 -8.4349
-2.535 2.6775 -8.3849
-2.525 2.6699 -8.3349
-2.515 2.6623 -8.2849
-2.505 2.6547 -8.2349
-2.495 2.6471 -8.1849
-2.485 2.6395 -8.1349
-2.475 2.6319 -8.0849
-2.465 2.6243 -8.0349
-2.455 2.6166 -7.9849
-2.445 2.609 -7.9349
-2.435 2.6013 -7.8849
-2.425 2.5936 -7.8349
-2.415 2.5859 -7.7849
-2.405 2.5783 -7.7349
-2.395 2.5706 -7.6849
-2.385 2.5628 -7.6349
-2.375 2.5551 -7.5849
-2.365 2.5474 -7.5349
-2.355 2.5396 -7.4849
-2.345 2.5319 -7.4349
-2.335 2.5241 -7.3849
-2.325 2.5164 -7.3349
-2.315 2.5086 -7.2849
-2.305 2.5008 -7.2349
-2.295 2.493 -7.1849
-2.285 2.4852 -7.1349
-2.275 2.4774 -7.0849
-2.265 2.4695 -7.0349
-2.255 2.4617 -6.9849
-2.245 2.4539 -6.9349
-2.235 2.446 -6.8849
-2.225 2.4381 -6.8349
-2.215 2.4302 -6.7848
-2.205 2.4224 -6.7348
-2.195 2.4145 -6.6848
-2.185 2.4066 -6.6348
-2.175 2.3986 -6.5848
-2.165 2.3907 -6.5348
-2.155 2.3828 -6.4848
-2.145 2.3748 -6.4348
-2.135 2.3669 -6.3848
-2.125 2.3589 -6.3348
-2.115 2.3509 -6.2848
-2.105 2.3429 -6.2348
-2.095 2.3349 -6.1848
-2.085 2.3269 -6.1348
-2.075 2.3189 -6.0848
-2.065 2.3109 -6.0348
-2.055 2.3029 -5.9848
-2.045 2.2948 -5.9348
-2.035 2.2868 -5.8848
-2.025 2.2787 -5.8348
-2.015 2.2706 -5.7848
-2.005 2.2625 -5.7348
-1.995 2.2544 -5.6848
-1.985 2.2463 -5.6348
-1.975 2.2382 -5.5848
-1.965 2.2301 -5.5348
-1.955 2.222 -5.4848
-1.945 2.2138 -5.4348
-1.935 2.2057 -5.3848
-1.925 2.1975 -5.3348
-1.915 2.1893 -5.2848
-1.905 2.1812 -5.2348
-1.895 2.173 -5.1848
-1.885 2.1648 -5.1348
-1.875 2.1565 -5.0848
-1.865 2.1483 -5.0348
-1.855 2.1401 -4.9848
-1.845 2.1319 -4.9348
-1.835 2.1236 -4.8848
-1.825 2.1153 -4.8348
-1.815 2.1071 -4.7848
-1.805 2.0988 -4.7348
-1.795 2.0905 -4.6848
-1.785 2.0822 -4.6348
-1.775 2.0739 -4.5848
-1.765 2.0656 -4.5348
-1.755 2.0572 -4.4848
-1.745 2.0489 -4.4348
-1.735 2.0406 -4.3848
-1.725 2.0322 -4.3348
-1.715 2.0238 -4.2848
-1.705 2.0154 -4.2348
-1.695 2.0071 -4.1848
-1.685 1.9987 -4.1348
-1.675 1.9902 -4.0848
-1.665 1.9818 -4.0348
-1.655 1.9734 -3.9848
-1.645 1.965 -3.9348
-1.635 1.9565 -3.8848
-1.625 1.9481 -3.8348
-1.6149 1.9396 -3.7847
-1.6049 1.9311 -3.7347
-1.5949 1.9226 -3.6847
-1.5849 1.9141 -3.6347
-1.5749 1.9056 -3.5847
-1.5649 1.8971 -3.5347
-1.5549 1.8886 -3.4847
-1.5449 1.8801 -3.4347
-1.5349 1.8715 -3.3847
-1.5249 1.863 -3.3347
-1.5149 1.8544 -3.2847
-1.5049 1.8458 -3.2347
-1.4949 1.8372 -3.1847
-1.4849 1.8286 -3.1347
-1.4749 1.82 -3.0847
-1.4649 1.8114 -3.0347
-1.4549 1.8028 -2.9847
-1.4449 1.7942 -2.9347
-1.4349 1.7855 -2.8847
-1.4249 1.7769 -2.8347
-1.4149 1.7682 -2.7847
-1.4049 1.7595 -2.7347
-1.3949 1.7508 -2.6847
-1.3849 1.7421 -2.6347
-1.3749 1.7334 -2.5847
-1.3649 1.7247 -2.5347
-1.3549 1.716 -2.4847
-1.3449 1.7073 -2.4347
-1.3349 1.6985 -2.3847
-1.3249 1.6898 -2.3347
-1.3149 1.681 -2.2847
-1.3049 1.6723 -2.2347
-1.2949 1.6635 -2.1847
-1.2849 1.6547 -2.1347
-1.2749 1.6459 -2.0847
-1.2649 1.6371 -2.0347
-1.2549 1.6283 -1.9847
-1.2449 1.6194 -1.9347
-1.2349 1.6106 -1.8847
-1.2249 1.6017 -1.8347
-1.2149 1.5929 -1.7847
-1.2049 1.584 -1.7347
-1.1949 1.5751 -1.6847
-1.1849 1.5662 -1.6347
-1.1749 1.5573 -1.5847
-1.1649 1.5484 -1.5347
-1.1549 1.5395 -1.4847
-1.1449 1.5306 -1.4347
-1.1349 1.5216 -1.3847
-1.1249 1.5127 -1.3347
-1.1149 1.5037 -1.2847
-1.1049 1.4948 -1.2347
-1.0949 1.4858 -1.1847
-1.0849 1.4768 -1.1347
-1.0749 1.4678 -1.0847
-1.0649 1.4588 -1.0347
-1.0549 1.4498 -0.9847
-1.0449 1.4408 -0.9347
-1.0349 1.4317 -0.8847
-1.0249 1.4227 -0.8347
-1.0149 1.4136 -0.7846
-1.0049 1.4046 -0.7346
-0.9949 1.3955 -0.6846
-0.9849 1.3864 -0.6346
-0.9749 1.3773 -0.5846
-0.9649 1.3682 -0.5346
-0.9549 1.3591 -0.4846
-0.9449 1.35 -0.4346
-0.9349 1.3408 -0.3846
-0.9249 1.3317 -0.3346
-0.9149 1.3225 -0.2846
-0.9049 1.3134 -0.2346
-0.8949 1.3042 -0.1846
-0.8849 1.295 -0.1346
-0.8749 1.2858 -0.0846
-0.8649 1.2766 -0.0346
-0.8549 1.2674 0.0154
-0.8449 1.2582 0.0654
-0.8349 1.2489 0.1154
-0.8249 1.2397 0.1654
-0.8149 1.2305 0.2154
-0.8049 1.2212 0.2654
-0.7949 1.2119 0.3154
-0.7849 1.2026 0.3654
-0.7749 1.1933 0.4154
-0.7649 1.184 0.4654
-0.7549 1.1747 0.5154
-0.7449 1.1654 0.5654
-0.7349 1.1561 0.6154
-0.7249 1.1467 0.6654
-0.7149 1.1374 0.7154
-0.7049 1.128 0.7654
-0.6949 1.1187 0.8154
-0.6849 1.1093 0.8654
-0.6749 1.0999 0.9154
-0.6649 1.0905 0.9654
-0.6549 1.0811 1.0154
-0.6449 1.0717 1.0654
-0.6349 1.0622 1.1154
-0.6249 1.0528 1.1654
-0.6149 1.0434 1.2154
-0.6049 1.0339 1.2654
-0.5949 1.0244 1.3154
-0.5849 1.015 1.3654
-0.5749 1.0055 1.4154
-0.5649 0.996 1.4654
-0.5549 0.9865 1.5154
-0.5449 0.9769 1.5654
-0.5349 0.9674 1.6154
-0.5249 0.9579 1.6654
-0.5149 0.9483 1.7154
-0.5049 0.9388 1.7654
-0.4949 0.9292 1.8154
-0.4849 0.9196 1.8654
-0.4749 0.9101 1.9154
-0.4649 0.9005 1.9654
-0.4549 0.8909 2.0154
-0.4449 0.8812 2.0654
-0.4349 0.8716 2.1154
-0.4249 0.862 2.1654
-0.4149 0.8523 2.2155
-0.4049 0.8427 2.2655
-0.3949 0.833 2.3155
-0.3849 0.8233 2.3655
-0.3749 0.8137 2.4155
-0.3649 0.804 2.4655
-0.3549 0.7943 2.5155
-0.3449 0.7846 2.5655
-0.3349 0.7748 2.6155
-0.3249 0.7651 2.6655
-0.3149 0.7554 2.7155
-0.3049 0.7456 2.7655
-0.2949 0.7358 2.8155
-0.2849 0.7261 2.8655
-0.2749 0.7163 2.9155
-0.2649 0.7065 2.9655
-0.2549 0.6967 3.0155
-0.2449 0.6869 3.0655
-0.2349 0.6771 3.1155
-0.2249 0.6672 3.1655
-0.2149 0.6574 3.2155
-0.2049 0.6475 3.2655
-0.1949 0.6377 3.3155
-0.1849 0.6278 3.3655
-0.1749 0.6179 3.4155
-0.1649 0.608 3.4655
-0.1549 0.5981 3.5155
-0.1449 0.5882 3.5655
-0.1349 0.5783 3.6155
-0.1249 0.5684 3.6655
-0.1149 0.5585 3.7155
-0.1049 0.5485 3.7655
-0.0949 0.5385 3.8155
-0.0849 0.5286 3.8655
-0.0749 0.5186 3.9155
-0.0649 0.5086 3.9655
-0.0549 0.4986 4.0155
-0.0449 0.4886 4.0655
-0.0349 0.4786 4.1155
-0.0249 0.4686 4.1655
-0.0149 0.4585 4.2155
-0.0049 0.4485 4.2655
0.0051 0.4384 4.3155
0.0151 0.4284 4.3655
0.0251 0.4183 4.4155
0.0351 0.4082 4.4655
0.0451 0.3981 4.5155
0.0551 0.388 4.5655
0.0651 0.3779 4.6155
0.0751 0.3678 4.6655
0.0851 0.3576 4.7155
0.0951 0.3475 4.7655
0.1051 0.3373 4.8155
0.1151 0.3272 4.8655
0.1251 0.317 4.9155
0.1351 0.3068 4.9655
0.1451 0.2966 5.0155
0.1551 0.2864 5.0655
0.1651 0.2762 5.1155
0.1751 0.266 5.1655
0.1851 0.2557 5.2156
0.1951 0.2455 5.2656
0.2051 0.2352 5.3156
0.2151 0.225 5.3656
0.2251 0.2147 5.4156
0.2351 0.2044 5.4656
0.2451 0.1941 5.5156
0.2551 0.1838 5.5656
0.2651 0.1735 5.6156
0.2751 0.1632 5.6656
0.2851 0.1529 5.7156
0.2951 0.1425 5.7656
0.3051 0.1322 5.8156
0.3151 0.1218 5.8656
0.3251 0.1114 5.9156
0.3351 0.1011 5.9656
0.3451 0.0907 6.0156
0.3551 0.0803 6.0656
0.3651 0.0699 6.1156
0.3751 0.0594 6.1656
0.3851 0.049 6.2156
0.3951 0.0386 6.2656
0.4051 0.0281 6.3156
0.4151 0.0177 6.3656
0.4251 0.0072 6.4156
0.432 -0 6.45
0.432 0 6.45
0.442 0.0073 6.5
0.452 0.0147 6.55
0.462 0.022 6.6
0.472 0.0293 6.65
0.482 0.0366 6.7
0.492 0.0438 6.75
0.502 0.0511 6.8
0.512 0.0584 6.85
0.522 0.0656 6.9
0.532 0.0729 6.95
0.542 0.0801 7
0.552 0.0873 7.05
0.562 0.0945 7.1
0.572 0.1017 7.15
0.582 0.1089 7.2
0.592 0.1161 7.25
0.602 0.1233 7.3
0.612 0.1305 7.35
0.622 0.1376 7.4
0.632 0.1448 7.45
0.642 0.1519 7.5
0.652 0.159 7.55
0.662 0.1661 7.6
0.672 0.1732 7.65
0.682 0.1803 7.7
0.692 0.1874 7.75
0.702 0.1945 7.8
0.712 0.2016 7.85
0.722 0.2086 7.9
0.732 0.2157 7.95
0.742 0.2227 8
0.752 0.2297 8.05
0.762 0.2367 8.1
0.772 0.2438 8.15
0.782 0.2507 8.2
0.792 0.2577 8.25
0.802 0.2647 8.3
0.812 0.2717 8.35
0.822 0.2786 8.4
0.832 0.2856 8.45
0.842 0.2925 8.5
0.852 0.2995 8.55
0.862 0.3064 8.6
0.872 0.3133 8.65
0.882 0.3202 8.7
0.892 0.3271 8.75
0.902 0.334 8.8
0.912 0.3408 8.85
0.922 0.3477 8.9
0.932 0.3545 8.95
0.942 0.3614 9
0.952 0.3682 9.05
0.962 0.375 9.1
0.972 0.3818 9.1501
0.982 0.3886 9.2001
0.992 0.3954 9.2501
1.002 0.4022 9.3001
1.012 0.409 9.3501
1.022 0.4157 9.4001
1.032 0.4225 9.4501
1.042 0.4292 9.5001
1.052 0.436 9.5501
1.062 0.4427 9.6001
1.072 0.4494 9.6501
1.082 0.4561 9.7001
1.092 0.4628 9.7501
1.102 0.4695 9.8001
1.112 0.4762 9.8501
1.122 0.4828 9.9001
1.132 0.4895 9.9501
1.142 0.4961 10.0001
1.152 0.5028 10.0501
1.162 0.5094 10.1001
1.172 0.516 10.1501
1.182 0.5226 10.2001
1.192 0.5292 10.2501
1.202 0.5358 10.3001
1.212 0.5424 10.3501
1.222 0.5489 10.4001
1.232 0.5555 10.4501
1.242 0.562 10.5001
1.252 0.5686 10.5501
1.262 0.5751 10.6001
1.272 0.5816 10.6501
1.282 0.5881 10.7001
1.292 0.5946 10.7501
1.302 0.6011 10.8001
1.312 0.6076 10.8501
1.322 0.614 10.9001
1.332 0.6205 10.9501
1.342 0.627 11.0001
1.352 0.6334 11.0501
1.362 0.6398 11.1001
1.372 0.6462 11.1501
1.382 0.6526 11.2001
1.392 0.659 11.2501
1.402 0.6654 11.3001
1.412 0.6718 11.3501
1.422 0.6782 11.4001
1.432 0.6845 11.4501
1.442 0.6909 11.5001
1.452 0.6972 11.5501
1.462 0.7036 11.6001
1.472 0.7099 11.6501
1.482 0.7162 11.7001
1.492 0.7225 11.7501
1.502 0.7288 11.8001
1.512 0.7351 11.8501
1.522 0.7413 11.9001
1.532 0.7476 11.9501
1.542 0.7539 12.0001
1.552 0.7601 12.0501
1.562 0.7663 12.1001
1.572 0.7726 12.1502
1.582 0.7788 12.2002
1.592 0.785 12.2502
1.602 0.7912 12.3002
1.612 0.7973 12.3502
1.622 0.8035 12.4002
1.632 0.8097 12.4502
1.642 0.8158 12.5002
1.652 0.822 12.5502
1.662 0.8281 12.6002
1.672 0.8342 12.6502
1.682 0.8403 12.7002
1.692 0.8465 12.7502
1.702 0.8525 12.8002
1.712 0.8586 12.8502
1.722 0.8647 12.9002
1.732 0.8708 12.9502
1.742 0.8768 13.0002
1.752 0.8829 13.0502
1.762 0.8889 13.1002
1.772 0.8949 13.1502
1.782 0.901 13.2002
1.792 0.907 13.2502
1.802 0.913 13.3002
1.812 0.9189 13.3502
1.822 0.9249 13.4002
1.832 0.9309 13.4502
1.842 0.9368 13.5002
1.852 0.9428 13.5502
1.862 0.9487 13.6002
1.872 0.9547 13.6502
1.882 0.9606 13.7002
1.892 0.9665 13.7502
1.902 0.9724 13.8002
1.912 0.9783 13.8502
1.922 0.9842 13.9002
1.932 0.99 13.9502
1.942 0.9959 14.0002
1.952 1.0017 14.0502
1.962 1.0076 14.1002
1.972 1.0134 14.1502
1.982 1.0192 14.2002
1.992 1.025 14.2502
2.002 1.0308 14.3002
2.012 1.0366 14.3502
2.022 1.0424 14.4002
2.032 1.0482 14.4502
2.042 1.0539 14.5002
2.052 1.0597 14.5502
2.062 1.0654 14.6002
2.072 1.0712 14.6502
2.082 1.0769 14.7002
2.092 1.0826 14.7502
2.102 1.0883 14.8002
2.112 1.094 14.8502
2.122 1.0997 14.9002
2.132 1.1053 14.9502
2.142 1.111 15.0002
2.152 1.1167 15.0502
2.162 1.1223 15.1002
2.1721 1.1279 15.1503
2.1821 1.1336 15.2003
2.1921 1.1392 15.2503
2.2021 1.1448 15.3003
2.2121 1.1504 15.3503
2.2221 1.156 15.4003
2.2321 1.1615 15.4503
2.2421 1.1671 15.5003
2.2521 1.1727 15.5503
2.2621 1.1782 15.6003
2.2721 1.1837 15.6503
2.2821 1.1893 15.7003
2.2921 1.1948 15.7503
2.3021 1.2003 15.8003
2.3121 1.2058 15.8503
2.3221 1.2113 15.9003
2.3321 1.2168 15.9503
2.3421 1.2222 16.0003
2.3521 1.2277 16.0503
2.3621 1.2331 16.1003
2.3721 1.2386 16.1503
2.3821 1.244 16.2003
2.3921 1.2494 16.2503
2.4021 1.2548 16.3003
2.4121 1.2602 16.3503
2.4221 1.2656 16.4003
2.4321 1.271 16.4503
2.4421 1.2763 16.5003
2.4521 1.2817 16.5503
2.4621 1.2871 16.6003
2.4721 1.2924 16.6503
2.4821 1.2977 16.7003
2.4921 1.303 16.7503
2.5021 1.3084 16.8003
2.5121 1.3137 16.8503
2.5221 1.3189 16.9003
2.5321 1.3242 16.9503
2.5421 1.3295 16.985
2.5421 1.3295 16.985
2.5421 1.3295 16.985
2.5421 1.3295 16.985
2.5421 1.3295 16.985
2.5421 1.3295 16.985
2.5421 1.3295 16.985
2.5421 1.3295 16.985
2.5421 1.3295 16.985
2.5421 1.3295 16.985
2.5421 1.3295 16.985
2.5421 1.3295 16.985
2.5421 1.3295 16.985
2.5421 1.3295 16.985
2.5421 1.3295 16.985
2.5421 1.3295 16.985
2.5421 1.3295 16.985
2.5421 1.3295 16.985
2.5421 1.3295 16.985
2.5421 1.3295 16.985
2.5421 1.3295 16.985
2.5421 1.3295 16.985
2.5421 1.3295 16.985
2.5421 1.3295 16.985
2.5421 1.3295 16.985
2.5421 1.3295 16.985
2.5421 1.3295 16.985
2.5421 1.3295 16.985
2.5421 1.3295 16.985
2.5421 1.3295 16.985
2.5421 1.3295 16.985
2.5421 1.3295 16.985
2.5421 1.3295 16.985
2.5421 1.3295 16.985
2.5421 1.3295 16.985
2.5421 1.3295 16.985
2.5421 1.3295 16.985
2.5421 1.3295 16.985
2.5421 1.3295 16.985
2.5421 1.3295 16.985
2.5421 1.3295 16.985
2.5421 1.3295 16.985
2.5421 1.3295 16.985
2.5421 1.3295 16.985
2.5421 1.3295 16.985
2.5421 1.3295 16.985
2.5421 1.3295 16.985
2.5421 1.3295 16.985
2.5421 1.3295 16.985
2.5421 1.3295 16.985
2.5421 1.3295 16.985
2.5421 1.3295 16.985
2.5421 1.3295 16.985
2.5421 1.3295 16.985
2.5421 1.3295 16.985
2.5421 1.3295 16.985
2.5421 1.3295 16.985
2.5421 1.3295 16.985
2.5421 1.3295 16.985
2.5421 1.3295 16.985
2.5421 1.3295 16.985
2.5421 1.3295 16.985
2.5421 1.3295 16.985
2.5421 1.3295 16.985
2.5421 1.3295 16.985
2.5421 1.3295 16.985
2.5421 1.3295 16.985
2.5421 1.3295 16.985
2.5421 1.3295 16.985
2.5421 1.3295 16.985
2.5421 1.3295 16.985
2.5421 1.3295 16.985
2.5421 1.3295 16.985
2.5421 1.3295 16.985
2.5421 1.3295 16.985
2.5421 1.3295 16.985
2.5421 1.3295 16.985
2.5421 1.3295 16.985
2.5421 1.3295 16.985
2.5421 1.3295 16.985
2.5421 1.3295 16.985
2.5421 1.3295 16.985
2.5421 1.3295 16.985
2.5421 1.3295 16.985
2.5421 1.3295 16.985
2.5421 1.3295 16.985
2.5421 1.3295 16.985
2.5421 1.3295 16.985
2.5421 1.3295 16.985
2.5421 1.3295 16.985
2.5421 1.3295 16.985
2.5421 1.3295 16.985
2.5421 1.3295 16.985
2.5421 1.3295 16.985
2.5421 1.3295 16.985
2.5421 1.3295 16.985
2.5421 1.3295 16.985
2.5421 1.3295 16.985
2.5421 1.3295 16.985
2.5421 1.3295 16.985
2.5421 1.3295 16.985
2.5421 1.3295 16.985
2.5421 1.3295 16.985
2.5421 1.3295 16.985
2.5421 1.3295 16.985
2.5421 1.3295 16.985
2.5421 1.3295 16.985
2.5421 1.3295 16.985
2.5421 1.3295 16.985
2.5421 1.3295 16.985
2.5421 1.3295 16.985
2.5421 1.3295 16.985
2.5421 1.3295 16.985
2.5421 1.3295 16.985
2.5421 1.3295 16.985
2.5421 1.3295 16.985
2.5421 1.3295 16.985
2.5421 1.3295 16.985
2.5421 1.3295 16.985
2.5421 1.3295 16.985
2.5421 1.3295 16.985
2.5421 1.3295 16.985
2.5421 1.3295 16.985
2.5421 1.3295 16.985
2.5421 1.3295 16.985
2.5421 1.3295 16.985
2.5421 1.3295 16.985
2.5421 1.3295 16.985
2.5421 1.3295 16.985
2.5421 1.3295 16.985
2.5421 1.3295 16.985
2.5421 1.3295 16.985
2.5421 1.3295 16.985
2.5421 1.3295 16.985
2.5421 1.3295 16.985
2.5421 1.3295 16.985
2.5421 1.3295 16.985
2.5421 1.3295 16.985
2.5421 1.3295 16.985
2.5421 1.3295 16.985
2.5421 1.3295 16.985
2.5421 1.3295 16.985
2.5421 1.3295 16.985
2.5421 1.3295 16.985
2.5421 1.3295 16.985
2.5421 1.3295 16.985
2.5421 1.3295 16.985
2.5421 1.3295 16.985
2.5421 1.3295 16.985
2.5421 1.3295 16.985
2.5421 1.3295 16.985
2.5421 1.3295 16.985
2.5421 1.3295 16.985
2.5421 1.3295 16.985
2.5421 1.3295 16.985
2.5421 1.3295 16.985
2.5421 1.3295 16.985
2.5421 1.3295 16.985
2.5421 1.3295 16.985
2.5421 1.3295 16.985
2.5421 1.3295 16.985
2.5421 1.3295 16.985
2.5421 1.3295 16.985
2.5421 1.3295 16.985
2.5421 1.3295 16.985
2.5421 1.3295 16.985
2.5421 1.3295 16.985
2.5421 1.3295 16.985
2.5421 1.3295 16.985
2.5421 1.3295 16.985
2.5421 1.3295 16.985
2.5421 1.3295 16.985
2.5421 1.3295 16.985
2.5421 1.3295 16.985
2.5421 1.3295 16.985
2.5421 1.3295 16.985
2.5421 1.3295 16.985
2.5421 1.3295 16.985
2.5421 1.3295 16.985
2.5421 1.3295 16.985
2.5421 1.3295 16.985
2.5421 1.3295 16.985
2.5421 1.3295 16.985
2.5421 1.3295 16.985
2.5421 1.3295 16.985
2.5421 1.3295 16.985
2.5421 1.3295 16.985
2.5421 1.3295 16.985
2.5421 1.3295 16.985
2.5421 1.3295 16.985
2.5421 1.3295 16.985
2.5421 1.3295 16.985
2.5421 1.3295 16.985
2.5421 1.3295 16.985
2.5421 1.3295 16.985
2.5421 1.3295 16.985
2.5421 1.3295 16.985
2.5421 1.3295 16.985
2.5421 1.3295 16.985
2.5421 1.3295 16.985
2.5421 1.3295 16.985
2.5421 1.3295 16.985
2.5421 1.3295 16.985
2.5421 1.3295 16.985
2.5421 1.3295 16.985
2.5421 1.3295 16.985
2.5421 1.3295 16.985
2.5421 1.3295 16.985
2.5421 1.3295 16.985
2.5421 1.3295 16.985
2.5421 1.3295 16.985
2.5421 1.3295 16.985
2.5421 1.3295 16.985
2.5421 1.3295 16.985
2.5421 1.3295 16.985
2.5421 1.3295 16.985
2.5421 1.3295 16.985
2.5421 1.3295 16.985
2.5421 1.3295 16.985
2.5421 1.3295 16.985
2.5421 1.3295 16.985
2.5421 1.3295 16.985
2.5421 1.3295 16.985
2.5421 1.3295 16.985
2.5421 1.3295 16.985
2.5421 1.3295 16.985
2.5421 1.3295 16.985
2.5421 1.3295 16.985
2.5421 1.3295 16.985
2.5421 1.3295 16.985
2.5421 1.3295 16.985
2.5421 1.3295 16.985
2.5421 1.3295 16.985
2.5421 1.3295 16.985
2.5421 1.3295 16.985
2.5421 1.3295 16.985
2.5421 1.3295 16.985
2.5421 1.3295 16.985
2.5421 1.3295 16.985
2.5421 1.3295 16.985
2.5421 1.3295 16.985
2.5421 1.3295 16.985
2.5421 1.3295 16.985
2.5421 1.3295 16.985
2.5421 1.3295 16.985
2.5421 1.3295 16.985
2.5421 1.3295 16.985
2.5421 1.3295 16.985
2.5421 1.3295 16.985
2.5421 1.3295 16.985
2.5421 1.3295 16.985
2.5421 1.3295 16.985
2.5421 1.3295 16.985
2.5421 1.3295 16.985
2.5421 1.3295 16.985
2.5421 1.3295 16.985
2.5421 1.3295 16.985
2.5421 1.3295 16.985
2.5421 1.3295 16.985
2.5421 1.3295 16.985
2.5421 1.3295 16.985
2.5421 1.3295 16.985
2.5421 1.3295 16.985
2.5421 1.3295 16.985
2.5421 1.3295 16.985
2.5421 1.3295 16.985
2.5421 1.3295 16.985
2.5421 1.3295 16.985
2.5421 1.3295 16.985
2.5421 1.3295 16.985
2.5421 1.3295 16.985
2.5421 1.3295 16.985
2.5421 1.3295 16.985
2.5421 1.3295 16.985
2.5421 1.3295 16.985
2.5421 1.3295 16.985
2.5421 1.3295 16.985
2.5421 1.3295 16.985
2.5421 1.3295 16.985
2.5421 1.3295 16.985
2.5421 1.3295 16.985
2.5421 1.3295 16.985
2.5421 1.3295 16.985
2.5421 1.3295 16.985
2.5421 1.3295 16.985
2.5421 1.3295 16.985
2.5421 1.3295 16.985
2.5421 1.3295 16.985
2.5421 1.3295 16.985
2.5421 1.3295 16.985
2.5421 1.3295 16.985
2.5421 1.3295 16.985
2.5421 1.3295 16.985
2.5421 1.3295 16.985
2.5421 1.3295 16.985
2.5421 1.3295 16.985
2.5421 1.3295 16.985
2.5421 1.3295 16.985
2.5421 1.3295 16.985
2.5421 1.3295 16.985
2.5421 1.3295 16.985
2.5421 1.3295 16.985
2.5421 1.3295 16.985
2.5421 1.3295 16.985
2.5421 1.3295 16.985
2.5421 1.3295 16.985
2.5421 1.3295 16.985
2.5421 1.3295 16.985
2.5421 1.3295 16.985
2.5421 1.3295 16.985
2.5421 1.3295 16.985
2.5421 1.3295 16.985
2.5421 1.3295 16.985
2.5421 1.3295 16.985
2.5421 1.3295 16.985
2.5421 1.3295 16.985
2.5421 1.3295 16.985
2.5421 1.3295 16.985
2.5421 1.3295 16.985
2.5421 1.3295 16.985
2.5421 1.3295 16.985
2.5421 1.3295 16.985
2.5421 1.3295 16.985
2.5421 1.3295 16.985
2.5421 1.3295 16.985
2.5421 1.3295 16.985
2.5421 1.3295 16.985
2.5421 1.3295 16.985
2.5421 1.3295 16.985
2.5421 1.3295 16.985
2.5421 1.3295 16.985
2.5421 1.3295 16.985
2.5421 1.3295 16.985
2.5421 1.3295 16.985
2.5421 1.3295 16.985
2.5421 1.3295 16.985
2.5421 1.3295 16.985
2.5421 1.3295 16.985
2.5421 1.3295 16.985
2.5421 1.3295 16.985
2.5421 1.3295 16.985
2.5421 1.3295 16.985
2.5421 1.3295 16.985
2.5421 1.3295 16.985
2.5421 1.3295 16.985
2.5421 1.3295 16.985
2.5421 1.3295 16.985
2.5421 1.3295 16.985
2.5421 1.3295 16.985
2.5421 1.3295 16.985
2.5421 1.3295 16.985
2.5421 1.3295 16.985
2.5421 1.3295 16.985
2.5421 1.3295 16.985
2.5421 1.3295 16.985
2.5421 1.3295 16.985
2.5421 1.3295 16.985
2.5421 1.3295 16.985
2.5421 1.3295 16.985
2.5421 1.3295 16.985
2.5421 1.3295 16.985
2.5421 1.3295 16.985
2.5421 1.3295 16.985
2.5421 1.3295 16.985
2.5421 1.3295 16.985
2.5421 1.3295 16.985
2.5421 1.3295 16.985
2.5421 1.3295 16.985
2.5421 1.3295 16.985
2.5421 1.3295 16.985
2.5421 1.3295 16.985
2.5421 1.3295 16.985
2.5421 1.3295 16.985
2.5421 1.3295 16.985
2.5421 1.3295 16.985
2.5421 1.3295 16.985
2.5421 1.3295 16.985
2.5421 1.3295 16.985
2.5421 1.3295 16.985
2.5421 1.3295 16.985
2.5421 1.3295 16.985
2.5421 1.3295 16.985
2.5421 1.3295 16.985
2.5421 1.3295 16.985
2.5421 1.3295 16.985
2.5421 1.3295 16.985
2.5421 1.3295 16.985
2.5421 1.3295 16.985
2.5421 1.3295 16.985
2.5421 1.3295 16.985
2.5421 1.3295 16.985
2.5421 1.3295 16.985
2.5421 1.3295 16.985
2.5421 1.3295 16.985
2.5421 1.3295 16.985
2.5421 1.3295 16.985
2.5421 1.3295 16.985
2.5421 1.3295 16.985
2.5421 1.3295 16.985
2.5421 1.3295 16.985
2.5421 1.3295 16.985
2.5421 1.3295 16.985
2.5421 1.3295 16.985
2.5421 1.3295 16.985
2.5421 1.3295 16.985
2.5421 1.3295 16.985
2.5421 1.3295 16.985
2.5421 1.3295 16.985
2.5421 1.3295 16.985
2.5421 1.3295 16.985
2.5421 1.3295 16.985
2.5421 1.3295 16.985
2.5421 1.3295 16.985
2.5421 1.3295 16.985
2.5421 1.3295 16.985
2.5421 1.3295 16.985
2.5421 1.3295 16.985
2.5421 1.3295 16.985
2.5421 1.3295 16.985
2.5421 1.3295 16.985
2.5421 1.3295 16.985
2.5421 1.3295 16.985
2.5421 1.3295 16.985
2.5421 1.3295 16.985
2.5421 1.3295 16.985
2.5421 1.3295 16.985
2.5421 1.3295 16.985
2.5421 1.3295 16.985
2.5421 1.3295 16.985
2.5421 1.3295 16.985
2.5421 1.3295 16.985
2.5421 1.3295 16.985
2.5421 1.3295 16.985
2.5421 1.3295 16.985
2.5421 1.3295 16.985
2.5421 1.3295 16.985
2.5421 1.3295 16.985
2.5421 1.3295 16.985
2.5421 1.3295 16.985
2.5421 1.3295 16.985
2.5421 1.3295 16.985
2.5421 1.3295 16.985
2.5421 1.3295 16.985
2.5421 1.3295 16.985
2.5421 1.3295 16.985
2.5421 1.3295 16.985
2.5421 1.3295 16.985
2.5421 1.3295 16.985
2.5421 1.3295 16.985
2.5421 1.3295 16.985
2.5421 1.3295 16.985
2.5421 1.3295 16.985
2.5421 1.3295 16.985
2.5421 1.3295 16.985
2.5421 1.3295 16.985
2.5421 1.3295 16.985
2.5421 1.3295 16.985
2.5421 1.3295 16.985
2.5421 1.3295 16.985
2.5421 1.3295 16.985
2.5421 1.3295 16.985
2.5421 1.3295 16.985
2.5421 1.3295 16.985
2.5421 1.3295 16.985
2.5421 1.3295 16.985
2.5421 1.3295 16.985
2.5421 1.3295 16.985
2.5421 1.3295 16.985
2.5421 1.3295 16.985
2.5421 1.3295 16.985
2.5421 1.3295 16.985
2.5421 1.3295 16.985
2.5421 1.3295 16.985
2.5421 1.3295 16.985
2.5421 1.3295 16.985
2.5421 1.3295 16.985
2.5421 1.3295 16.985
2.5421 1.3295 16.985
2.5421 1.3295 16.985
2.5421 1.3295 16.985
2.5421 1.3295 16.985
2.5421 1.3295 16.985
2.5421 1.3295 16.985
2.5421 1.3295 16.985
2.5421 1.3295 16.985
2.5421 1.3295 16.985
2.5421 1.3295 16.985
2.5421 1.3295 16.985
2.5421 1.3295 16.985
2.5421 1.3295 16.985
2.5421 1.3295 16.985
2.5421 1.3295 16.985
2.5421 1.3295 16.985
2.5421 1.3295 16.985
2.5421 1.3295 16.985
2.5421 1.3295 16.985
2.5421 1.3295 16.985
2.5421 1.3295 16.985
2.5421 1.3295 16.985
2.5421 1.3295 16.985
2.5421 1.3295 16.985
2.5421 1.3295 16.985
2.5421 1.3295 16.985
2.5421 1.3295 16.985
2.5421 1.3295 16.985
2.5421 1.3295 16.985
2.5421 1.3295 16.985
2.5421 1.3295 16.985
2.5421 1.3295 16.985
2.5421 1.3295 16.985
2.5421 1.3295 16.985
2.5421 1.3295 16.985
2.5421 1.3295 16.985
2.5421 1.3295 16.985
2.5421 1.3295 16.985
2.5421 1.3295 16.985
2.5421 1.3295 16.985
2.5421 1.3295 16.985
2.5421 1.3295 16.985
2.5421 1.3295 16.985
2.5421 1.3295 16.985
2.5421 1.3295 16.985
2.5421 1.3295 16.985
2.5421 1.3295 16.985
2.5421 1.3295 16.985
2.5421 1.3295 16.985
2.5421 1.3295 16.985
2.5421 1.3295 16.985
2.5421 1.3295 16.985
2.5421 1.3295 16.985
2.5421 1.3295 16.985
2.5421 1.3295 16.985
2.5421 1.3295 16.985
2.5421 1.3295 16.985
2.5421 1.3295 16.985
2.5421 1.3295 16.985
2.5421 1.3295 16.985
2.5421 1.3295 16.985
2.5421 1.3295 16.985
2.5421 1.3295 16.985
2.5421 1.3295 16.985
2.5421 1.3295 16.985
2.5421 1.3295 16.985
2.5421 1.3295 16.985
2.5421 1.3295 16.985
2.5421 1.3295 16.985
2.5421 1.3295 16.985
2.5421 1.3295 16.985
2.5421 1.3295 16.985
2.5421 1.3295 16.985
2.5421 1.3295 16.985
2.5421 1.3295 16.985
2.5421 1.3295 16.985
2.5421 1.3295 16.985
2.5421 1.3295 16.985
2.5421 1.3295 16.985
2.5421 1.3295 16.985
2.5421 1.3295 16.985
2.5421 1.3295 16.985
2.5421 1.3295 16.985
2.5421 1.3295 16.985
2.5421 1.3295 16.985
2.5421 1.3295 16.985
2.5421 1.3295 16.985
2.5421 1.3295 16.985
2.5421 1.3295 16.985
2.5421 1.3295 16.985
2.5421 1.3295 16.985
2.5421 1.3295 16.985
2.5421 1.3295 16.985
2.5421 1.3295 16.985
2.5421 1.3295 16.985
2.5421 1.3295 16.985
2.5421 1.3295 16.985
2.5421 1.3295 16.985
2.5421 1.3295 16.985
2.5421 1.3295 16.985
2.5421 1.3295 16.985
2.5421 1.3295 16.985
2.5421 1.3295 16.985
2.5421 1.3295 16.985
2.5421 1.3295 16.985
2.5421 1.3295 16.985
2.5421 1.3295 16.985
2.5421 1.3295 16.985
2.5421 1.3295 16.985
2.5421 1.3295 16.985
2.5421 1.3295 16.985
2.5421 1.3295 16.985
2.5421 1.3295 16.985
2.5421 1.3295 16.985
2.5421 1.3295 16.985
2.5421 1.3295 16.985
2.5421 1.3295 16.985
2.5421 1.3295 16.985
2.5421 1.3295 16.985
2.5421 1.3295 16.985
2.5421 1.3295 16.985
2.5421 1.3295 16.985
2.5421 1.3295 16.985
2.5421 1.3295 16.985
2.5421 1.3295 16.985
2.5421 1.3295 16.985
2.5421 1.3295 16.985
2.5421 1.3295 16.985
2.5421 1.3295 16.985
2.5421 1.3295 16.985
2.5421 1.3295 16.985
2.5421 1.3295 16.985
2.5421 1.3295 16.985
2.5421 1.3295 16.985
2.5421 1.3295 16.985
2.5421 1.3295 16.985
2.5421 1.3295 16.985
2.5421 1.3295 16.985
2.5421 1.3295 16.985
2.5421 1.3295 16.985
2.5421 1.3295 16.985
2.5421 1.3295 16.985
2.5421 1.3295 16.985
2.5421 1.3295 16.985
2.5421 1.3295 16.985
2.5421 1.3295 16.985
2.5421 1.3295 16.985
2.5421 1.3295 16.985
2.5421 1.3295 16.985
2.5421 1.3295 16.985
2.5421 1.3295 16.985
2.5421 1.3295 16.985
2.5421 1.3295 16.985
2.5421 1.3295 16.985
2.5421 1.3295 16.985
2.5421 1.3295 16.985
2.5421 1.3295 16.985
2.5421 1.3295 16.985
2.5421 1.3295 16.985
2.5421 1.3295 16.985
2.5421 1.3295 16.985
2.5421 1.3295 16.985
2.5421 1.3295 16.985
2.5421 1.3295 16.985
2.5421 1.3295 16.985
2.5421 1.3295 16.985
2.5421 1.3295 16.985
2.5421 1.3295 16.985
2.5421 1.3295 16.985
2.5421 1.3295 16.985
2.5421 1.3295 16.985
2.5421 1.3295 16.985
2.5421 1.3295 16.985
2.5421 1.3295 16.985
2.5421 1.3295 16.985
2.5421 1.3295 16.985
2.5421 1.3295 16.985
2.5421 1.3295 16.985
2.5421 1.3295 16.985
2.5421 1.3295 16.985
2.5421 1.3295 16.985
2.5421 1.3295 16.985
2.5421 1.3295 16.985
2.5421 1.3295 16.985
2.5421 1.3295 16.985
2.5421 1.3295 16.985
2.5421 1.3295 16.985
2.5421 1.3295 16.985
2.5421 1.3295 16.985
2.5421 1.3295 16.985
2.5421 1.3295 16.985
2.5421 1.3295 16.985
2.5421 1.3295 16.985
2.5421 1.3295 16.985
2.5421 1.3295 16.985
2.5421 1.3295 16.985
2.5421 1.3295 16.985
2.5421 1.3295 16.985
2.5421 1.3295 16.985
2.5421 1.3295 16.985
2.5421 1.3295 16.985
2.5421 1.3295 16.985
2.5421 1.3295 16.985
2.5421 1.3295 16.985
2.5421 1.3295 16.985
2.5421 1.3295 16.985
2.5421 1.3295 16.985
2.5421 1.3295 16.985
2.5421 1.3295 16.985
2.5421 1.3295 16.985
2.5421 1.3295 16.985
2.5421 1.3295 16.985
2.5421 1.3295 16.985
2.5421 1.3295 16.985
2.5421 1.3295 16.985
2.5421 1.3295 16.985
2.5421 1.3295 16.985
2.5421 1.3295 16.985
2.5421 1.3295 16.985
2.5421 1.3295 16.985
2.5421 1.3295 16.985
2.5421 1.3295 16.985
2.5421 1.3295 16.985
2.5421 1.3295 16.985
2.5421 1.3295 16.985
2.5421 1.3295 16.985
2.5421 1.3295 16.985
2.5421 1.3295 16.985
2.5421 1.3295 16.985
2.5421 1.3295 16.985
2.5421 1.3295 16.985
2.5421 1.3295 16.985
2.5421 1.3295 16.985
2.5421 1.3295 16.985
2.5421 1.3295 16.985
2.5421 1.3295 16.985
2.5421 1.3295 16.985
2.5421 1.3295 16.985
2.5421 1.3295 16.985
2.5421 1.3295 16.985
2.5421 1.3295 16.985
2.5421 1.3295 16.985
2.5421 1.3295 16.985
2.5421 1.3295 16.985
2.5421 1.3295 16.985
2.5421 1.3295 16.985
2.5421 1.3295 16.985
2.5421 1.3295 16.985
2.5421 1.3295 16.985
2.5421 1.3295 16.985
2.5421 1.3295 16.985
2.5421 1.3295 16.985
2.5421 1.3295 16.985
2.5421 1.3295 16.985
2.5421 1.3295 16.985
2.5421 1.3295 16.985
2.5421 1.3295 16.985
2.5421 1.3295 16.985
2.5421 1.3295 16.985
2.5421 1.3295 16.985
2.5421 1.3295 16.985
2.5421 1.3295 16.985
2.5421 1.3295 16.985
2.5421 1.3295 16.985
2.5421 1.3295 16.985
2.5421 1.3295 16.985
2.5421 1.3295 16.985
2.5421 1.3295 16.985
2.5421 1.3295 16.985
2.5421 1.3295 16.985
2.5421 1.3295 16.985
2.5421 1.3295 16.985
2.5421 1.3295 16.985
2.5421 1.3295 16.985
2.5421 1.3295 16.985
2.5421 1.3295 16.985
2.5421 1.3295 16.985
2.5421 1.3295 16.985
2.5421 1.3295 16.985
2.5421 1.3295 16.985
2.5421 1.3295 16.985
2.5421 1.3295 16.985
2.5421 1.3295 16.985
2.5421 1.3295 16.985
2.5421 1.3295 16.985
2.5421 1.3295 16.985
2.5421 1.3295 16.985
2.5421 1.3295 16.985
2.5421 1.3295 16.985
2.5421 1.3295 16.985
2.5421 1.3295 16.985
2.5421 1.3295 16.985
2.5421 1.3295 16.985
2.5421 1.3295 16.985
2.5421 1.3295 16.985
2.5421 1.3295 16.985
2.5421 1.3295 16.985
2.5421 1.3295 16.985
2.5421 1.3295 16.985
2.5421 1.3295 16.985
2.5421 1.3295 16.985
2.5421 1.3295 16.985
2.5421 1.3295 16.985
2.5421 1.3295 16.985
2.5421 1.3295 16.985
2.5421 1.3295 16.985
2.5421 1.3295 16.985
2.5421 1.3295 16.985
2.5421 1.3295 16.985
2.5421 1.3295 16.985
2.5421 1.3295 16.985
2.5421 1.3295 16.985
2.5421 1.3295 16.985
2.5421 1.3295 16.985
2.5421 1.3295 16.985
2.5421 1.3295 16.985
2.5421 1.3295 16.985
2.5421 1.3295 16.985
2.5421 1.3295 16.985
2.5421 1.3295 16.985
2.5421 1.3295 16.985
2.5421 1.3295 16.985
2.5421 1.3295 16.985
2.5421 1.3295 16.985
2.5421 1.3295 16.985
2.5421 1.3295 16.985
2.5421 1.3295 16.985
2.5421 1.3295 16.985
2.5421 1.3295 16.985
2.5421 1.3295 16.985
2.5421 1.3295 16.985
2.5421 1.3295 16.985
2.5421 1.3295 16.985
2.5421 1.3295 16.985
2.5421 1.3295 16.985
2.5421 1.3295 16.985
2.5421 1.3295 16.985
2.5421 1.3295 16.985
2.5421 1.3295 16.985
2.5421 1.3295 16.985
2.5421 1.3295 16.985
2.5421 1.3295 16.985
2.5421 1.3295 16.985
2.5421 1.3295 16.985
2.5421 1.3295 16.985
2.5421 1.3295 16.985
2.5421 1.3295 16.985
2.5421 1.3295 16.985
2.5421 1.3295 16.985
2.5421 1.3295 16.985
2.5421 1.3295 16.985
2.5421 1.3295 16.985
2.5421 1.3295 16.985
2.5421 1.3295 16.985
2.5421 1.3295 16.985
2.5421 1.3295 16.985
2.5421 1.3295 16.985
2.5421 1.3295 16.985
2.5421 1.3295 16.985
2.5421 1.3295 16.985
2.5421 1.3295 16.985
2.5421 1.3295 16.985
2.5421 1.3295 16.985
2.5421 1.3295 16.985
2.5421 1.3295 16.985
2.5421 1.3295 16.985
2.5421 1.3295 16.985
2.5421 1.3295 16.985
2.5421 1.3295 16.985
2.5421 1.3295 16.985
2.5421 1.3295 16.985
2.5421 1.3295 16.985
2.5421 1.3295 16.985
2.5421 1.3295 16.985
2.5421 1.3295 16.985
2.5421 1.3295 16.985
2.5421 1.3295 16.985
2.5421 1.3295 16.985
2.5421 1.3295 16.985
2.5421 1.3295 16.985
2.5421 1.3295 16.985
2.5421 1.3295 16.985
2.5421 1.3295 16.985
2.5421 1.3295 16.985
2.5421 1.3295 16.985
2.5421 1.3295 16.985
2.5421 1.3295 16.985
2.5421 1.3295 16.985
2.5421 1.3295 16.985
2.5421 1.3295 16.985
2.5421 1.3295 16.985
2.5421 1.3295 16.985
2.5421 1.3295 16.985
2.5421 1.3295 16.985
2.5421 1.3295 16.985
2.5421 1.3295 16.985
2.5421 1.3295 16.985
2.5421 1.3295 16.985
2.5421 1.3295 16.985
2.5421 1.3295 16.985
2.5421 1.3295 16.985
2.5421 1.3295 16.985
2.5421 1.3295 16.985
2.5421 1.3295 16.985
2.5421 1.3295 16.985
2.5421 1.3295 16.985
2.5421 1.3295 16.985
2.5421 1.3295 16.985
2.5421 1.3295 16.985
2.5421 1.3295 16.985
2.5421 1.3295 16.985
2.5421 1.3295 16.985
2.5421 1.3295 16.985
2.5421 1.3295 16.985
2.5421 1.3295 16.985
2.5421 1.3295 16.985
2.5421 1.3295 16.985
2.5421 1.3295 16.985
2.5421 1.3295 16.985
2.5421 1.3295 16.985
2.5421 1.3295 16.985
2.5421 1.3295 16.985
2.5421 1.3295 16.985
2.5421 1.3295 16.985
2.5421 1.3295 16.985
2.5421 1.3295 16.985
2.5421 1.3295 16.985
2.5421 1.3295 16.985
2.5421 1.3295 16.985
2.5421 1.3295 16.985
2.5421 1.3295 16.985
2.5421 1.3295 16.985
2.5421 1.3295 16.985
2.5421 1.3295 16.985
2.5421 1.3295 16.985
2.5421 1.3295 16.985
2.5421 1.3295 16.985
2.5421 1.3295 16.985
2.5421 1.3295 16.985
2.5421 1.3295 16.985
2.5421 1.3295 16.985
2.5421 1.3295 16.985
2.5421 1.3295 16.985
2.5421 1.3295 16.985
2.5421 1.3295 16.985
2.5421 1.3295 16.985
2.5421 1.3295 16.985
2.5421 1.3295 16.985
2.5421 1.3295 16.985
2.5421 1.3295 16.985
2.5421 1.3295 16.985
2.5421 1.3295 16.985
2.5421 1.3295 16.985
2.5421 1.3295 16.985
2.5421 1.3295 16.985
2.5421 1.3295 16.985
2.5421 1.3295 16.985
2.5421 1.3295 16.985
2.5421 1.3295 16.985
2.5421 1.3295 16.985
2.5421 1.3295 16.985
2.5421 1.3295 16.985
2.5421 1.3295 16.985
2.5421 1.3295 16.985
2.5421 1.3295 16.985
2.5421 1.3295 16.985
2.5421 1.3295 16.985
2.5421 1.3295 16.985
2.5421 1.3295 16.985
2.5421 1.3295 16.985
2.5421 1.3295 16.985
2.5421 1.3295 16.985
2.5421 1.3295 16.985
2.5421 1.3295 16.985
2.5421 1.3295 16.985
2.5421 1.3295 16.985
2.5421 1.3295 16.985
2.5421 1.3295 16.985
2.5421 1.3295 16.985
2.5421 1.3295 16.985
2.5421 1.3295 16.985
2.5421 1.3295 16.985
2.5421 1.3295 16.985
2.5421 1.3295 16.985
2.5421 1.3295 16.985
2.5421 1.3295 16.985
2.5421 1.3295 16.985
2.5421 1.3295 16.985
2.5421 1.3295 16.985
2.5421 1.3295 16.985
2.5421 1.3295 16.985
2.5421 1.3295 16.985
2.5421 1.3295 16.985
2.5421 1.3295 16.985
2.5421 1.3295 16.985
2.5421 1.3295 16.985
2.5421 1.3295 16.985
2.5421 1.3295 16.985
2.5421 1.3295 16.985
2.5421 1.3295 16.985
2.5421 1.3295 16.985
2.5421 1.3295 16.985
2.5421 1.3295 16.985
2.5421 1.3295 16.985
2.5421 1.3295 16.985
2.5421 1.3295 16.985
2.5421 1.3295 16.985
2.5421 1.3295 16.985
2.5421 1.3295 16.985
2.5421 1.3295 16.985
2.5421 1.3295 16.985
2.5421 1.3295 16.985
2.5421 1.3295 16.985
2.5421 1.3295 16.985
2.5421 1.3295 16.985
2.5421 1.3295 16.985
2.5421 1.3295 16.985
2.5421 1.3295 16.985
2.5421 1.3295 16.985
2.5421 1.3295 16.985
2.5421 1.3295 16.985
2.5421 1.3295 16.985
2.5421 1.3295 16.985
2.5421 1.3295 16.985
2.5421 1.3295 16.985
2.5421 1.3295 16.985
2.5421 1.3295 16.985
2.5421 1.3295 16.985
2.5421 1.3295 16.985
2.5421 1.3295 16.985
2.5421 1.3295 16.985
2.5421 1.3295 16.985
2.5421 1.3295 16.985
2.5421 1.3295 16.985
2.5421 1.3295 16.985
2.5421 1.3295 16.985
2.5421 1.3295 16.985
2.5421 1.3295 16.985
2.5421 1.3295 16.985
2.5421 1.3295 16.985
2.5421 1.3295 16.985
2.5421 1.3295 16.985
2.5421 1.3295 16.985
2.5421 1.3295 16.985
2.5421 1.3295 16.985
2.5421 1.3295 16.985
2.5421 1.3295 16.985
2.5421 1.3295 16.985
2.5421 1.3295 16.985
2.5421 1.3295 16.985
2.5421 1.3295 16.985
2.5421 1.3295 16.985
2.5421 1.3295 16.985
2.5421 1.3295 16.985
2.5421 1.3295 16.985
2.5421 1.3295 16.985
2.5421 1.3295 16.985
2.5421 1.3295 16.985
2.5421 1.3295 16.985
2.5421 1.3295 16.985
2.5421 1.3295 16.985
2.5421 1.3295 16.985
2.5421 1.3295 16.985
2.5421 1.3295 16.985
2.5421 1.3295 16.985
2.5421 1.3295 16.985
2.5421 1.3295 16.985
2.5421 1.3295 16.985
2.5421 1.3295 16.985
2.5421 1.3295 16.985
2.5421 1.3295 16.985
2.5421 1.3295 16.985
2.5421 1.3295 16.985
2.5421 1.3295 16.985
2.5421 1.3295 16.985
2.5421 1.3295 16.985
2.5421 1.3295 16.985
2.5421 1.3295 16.985
2.5421 1.3295 16.985
2.5421 1.3295 16.985
2.5421 1.3295 16.985
2.5421 1.3295 16.985
2.5421 1.3295 16.985
2.5421 1.3295 16.985
2.5421 1.3295 16.985
2.5421 1.3295 16.985
2.5421 1.3295 16.985
2.5421 1.3295 16.985
2.5421 1.3295 16.985
2.5421 1.3295 16.985
2.5421 1.3295 16.985
2.5421 1.3295 16.985
2.5421 1.3295 16.985
2.5421 1.3295 16.985
2.5421 1.3295 16.985
2.5421 1.3295 16.985
2.5421 1.3295 16.985
2.5421 1.3295 16.985
2.5421 1.3295 16.985
2.5421 1.3295 16.985
2.5421 1.3295 16.985
2.5421 1.3295 16.985
2.5421 1.3295 16.985
2.5421 1.3295 16.985
2.5421 1.3295 16.985
2.5421 1.3295 16.985
2.5421 1.3295 16.985
2.5421 1.3295 16.985
2.5421 1.3295 16.985
2.5421 1.3295 16.985
2.5421 1.3295 16.985
2.5421 1.3295 16.985
2.5421 1.3295 16.985
2.5421 1.3295 16.985
2.5421 1.3295 16.985
2.5421 1.3295 16.985
2.5421 1.3295 16.985
2.5421 1.3295 16.985
2.5421 1.3295 16.985
2.5421 1.3295 16.985
2.5421 1.3295 16.985
2.5421 1.3295 16.985
2.5421 1.3295 16.985
2.5421 1.3295 16.985
2.5421 1.3295 16.985
2.5421 1.3295 16.985
2.5421 1.3295 16.985
2.5421 1.3295 16.985
2.5421 1.3295 16.985
2.5421 1.3295 16.985
2.5421 1.3295 16.985
2.5421 1.3295 16.985
2.5421 1.3295 16.985
2.5421 1.3295 16.985
2.5421 1.3295 16.985
2.5421 1.3295 16.985
2.5421 1.3295 16.985
2.5421 1.3295 16.985
2.5421 1.3295 16.985
2.5421 1.3295 16.985
2.5421 1.3295 16.985
2.5421 1.3295 16.985
2.5421 1.3295 16.985
2.5421 1.3295 16.985
2.5421 1.3295 16.985
2.5421 1.3295 16.985
2.5421 1.3295 16.985
2.5421 1.3295 16.985
2.5421 1.3295 16.985
2.5421 1.3295 16.985
2.5421 1.3295 16.985
2.5421 1.3295 16.985
2.5421 1.3295 16.985
2.5421 1.3295 16.985
2.5421 1.3295 16.985
2.5421 1.3295 16.985
2.5421 1.3295 16.985
2.5421 1.3295 16.985
2.5421 1.3295 16.985
2.5421 1.3295 16.985
2.5421 1.3295 16.985
2.5421 1.3295 16.985
2.5421 1.3295 16.985
2.5421 1.3295 16.985
2.5421 1.3295 16.985
2.5421 1.3295 16.985
2.5421 1.3295 16.985
2.5421 1.3295 16.985
2.5421 1.3295 16.985
2.5421 1.3295 16.985
2.5421 1.3295 16.985
2.5421 1.3295 16.985
2.5421 1.3295 16.985
2.5421 1.3295 16.985
2.5421 1.3295 16.985
2.5421 1.3295 16.985
2.5421 1.3295 16.985
2.5421 1.3295 16.985
2.5421 1.3295 16.985
2.5421 1.3295 16.985
2.5421 1.3295 16.985
2.5421 1.3295 16.985
2.5421 1.3295 16.985
2.5421 1.3295 16.985
2.5421 1.3295 16.985
2.5421 1.3295 16.985
2.5421 1.3295 16.985
2.5421 1.3295 16.985
2.5421 1.3295 16.985
2.5421 1.3295 16.985
2.5421 1.3295 16.985
2.5421 1.3295 16.985
2.5421 1.3295 16.985
2.5421 1.3295 16.985
2.5421 1.3295 16.985
2.5421 1.3295 16.985
2.5421 1.3295 16.985
2.5421 1.3295 16.985
2.5421 1.3295 16.985
2.5421 1.3295 16.985
2.5421 1.3295 16.985
2.5421 1.3295 16.985
2.5421 1.3295 16.985
2.5421 1.3295 16.985
2.5421 1.3295 16.985
2.5421 1.3295 16.985
2.5421 1.3295 16.985
2.5421 1.3295 16.985
2.5421 1.3295 16.985
2.5421 1.3295 16.985
2.5421 1.3295 16.985
2.5421 1.3295 16.985
2.5421 1.3295 16.985
2.5421 1.3295 16.985
2.5421 1.3295 16.985
2.5421 1.3295 16.985
2.5421 1.3295 16.985
2.5421 1.3295 16.985
2.5421 1.3295 16.985
2.5421 1.3295 16.985
2.5421 1.3295 16.985
2.5421 1.3295 16.985
2.5421 1.3295 16.985
2.5421 1.3295 16.985
2.5421 1.3295 16.985
2.5421 1.3295 16.985
2.5421 1.3295 16.985
2.5421 1.3295 16.985
2.5421 1.3295 16.985
2.5421 1.3295 16.985
2.5421 1.3295 16.985
2.5421 1.3295 16.985
2.5421 1.3295 16.985
2.5421 1.3295 16.985
2.5421 1.3295 16.985
2.5421 1.3295 16.985
2.5421 1.3295 16.985
2.5421 1.3295 16.985
2.5421 1.3295 16.985
2.5421 1.3295 16.985
2.5421 1.3295 16.985
2.5421 1.3295 16.985
2.5421 1.3295 16.985
2.5421 1.3295 16.985
2.5421 1.3295 16.985
2.5421 1.3295 16.985
2.5421 1.3295 16.985
2.5421 1.3295 16.985
2.5421 1.3295 16.985
2.5421 1.3295 16.985
2.5421 1.3295 16.985
2.5421 1.3295 16.985
2.5421 1.3295 16.985
2.5421 1.3295 16.985
2.5421 1.3295 16.985
2.5421 1.3295 16.985
2.5421 1.3295 16.985
2.5421 1.3295 16.985
2.5421 1.3295 16.985
2.5421 1.3295 16.985
2.5421 1.3295 16.985
2.5421 1.3295 16.985
2.5421 1.3295 16.985
2.5421 1.3295 16.985
2.5421 1.3295 16.985
2.5421 1.3295 16.985
2.5421 1.3295 16.985
2.5421 1.3295 16.985
2.5421 1.3295 16.985
2.5421 1.3295 16.985
2.5421 1.3295 16.985
2.5421 1.3295 16.985
2.5421 1.3295 16.985
2.5421 1.3295 16.985
2.5421 1.3295 16.985
2.5421 1.3295 16.985
2.5421 1.3295 16.985
2.5421 1.3295 16.985
2.5421 1.3295 16.985
2.5421 1.3295 16.985
2.5421 1.3295 16.985
2.5421 1.3295 16.985
2.5421 1.3295 16.985
2.5421 1.3295 16.985
2.5421 1.3295 16.985
2.5421 1.3295 16.985
2.5421 1.3295 16.985
2.5421 1.3295 16.985
2.5421 1.3295 16.985
2.5421 1.3295 16.985
2.5421 1.3295 16.985
2.5421 1.3295 16.985
2.5421 1.3295 16.985
2.5421 1.3295 16.985
2.5421 1.3295 16.985
2.5421 1.3295 16.985
2.5421 1.3295 16.985
2.5421 1.3295 16.985
2.5421 1.3295 16.985
2.5421 1.3295 16.985
2.5421 1.3295 16.985
2.5421 1.3295 16.985
2.5421 1.3295 16.985
2.5421 1.3295 16.985
2.5421 1.3295 16.985
2.5421 1.3295 16.985
2.5421 1.3295 16.985
2.5421 1.3295 16.985
2.5421 1.3295 16.985
