2.115 3.1 -11.585
2.105 3.092 -11.535
2.095 3.084 -11.485
2.085 3.076 -11.435
2.075 3.0679 -11.385
2.065 3.0599 -11.335
2.055 3.0518 -11.285
2.045 3.0438 -11.235
2.035 3.0357 -11.185
2.025 3.0276 -11.135
2.015 3.0195 -11.085
2.005 3.0114 -11.035
1.995 3.0033 -10.985
1.985 2.9952 -10.935
1.975 2.987 -10.885
1.965 2.9789 -10.835
1.955 2.9707 -10.785
1.945 2.9626 -10.735
1.935 2.9544 -10.685
1.925 2.9462 -10.635
1.915 2.938 -10.585
1.905 2.9298 -10.535
1.895 2.9216 -10.485
1.885 2.9134 -10.435
1.875 2.9052 -10.385
1.865 2.8969 -10.335
1.855 2.8887 -10.285
1.845 2.8804 -10.235
1.835 2.8721 -10.185
1.825 2.8639 -10.135
1.815 2.8556 -10.0849
1.805 2.8473 -10.0349
1.795 2.839 -9.9849
1.785 2.8306 -9.9349
1.775 2.8223 -9.8849
1.765 2.814 -9.8349
1.755 2.8056 -9.7849
1.745 2.7973 -9.7349
1.735 2.7889 -9.6849
1.725 2.7805 -9.6349
1.715 2.7721 -9.5849
1.705 2.7637 -9.5349
1.695 2.7553 -9.4849
1.685 2.7469 -9.4349
1.675 2.7385 -9.3849
1.665 2.7301 -9.3349
1.655 2.7216 -9.2849
1.645 2.7132 -9.2349
1.635 2.7047 -9.1849
1.625 2.6962 -9.1349
1.615 2.6877 -9.0849
1.605 2.6792 -9.0349
1.595 2.6707 -8.9849
1.585 2.6622 -8.9349
1.575 2.6537 -8.8849
1.565 2.6451 -8.8349
1.555 2.6366 -8.7849
1.545 2.628 -8.7349
1.535 2.6195 -8.6849
1.525 2.6109 -8.6349
1.515 2.6023 -8.5849
1.505 2.5937 -8.5349
1.495 2.5851 -8.4849
1.485 2.5765 -8.4349
1.475 2.5679 -8.3849
1.465 2.5593 -8.3349
1.455 2.5506 -8.2849
1.445 2.542 -8.2349
1.435 2.5333 -8.1849
1.425 2.5246 -8.1349
1.415 2.5159 -8.0849
1.405 2.5073 -8.0349
1.395 2.4986 -7.9849
1.385 2.4898 -7.9349
1.375 2.4811 -7.8849
1.365 2.4724 -7.8349
1.355 2.4636 -7.7849
1.345 2.4549 -7.7349
1.335 2.4461 -7.6849
1.325 2.4374 -7.6349
1.315 2.4286 -7.5849
1.305 2.4198 -7.5349
1.295 2.411 -7.4849
1.285 2.4022 -7.4349
1.275 2.3934 -7.3849
1.265 2.3845 -7.3349
1.255 2.3757 -7.2849
1.245 2.3668 -7.2349
1.235 2.358 -7.1849
1.225 2.3491 -7.1349
1.215 2.3402 -7.0848
1.205 2.3314 -7.0348
1.195 2.3225 -6.9848
1.185 2.3135 -6.9348
1.175 2.3046 -6.8848
1.165 2.2957 -6.8348
1.155 2.2868 -6.7848
1.145 2.2778 -6.7348
1.135 2.2689 -6.6848
1.125 2.2599 -6.6348
1.115 2.2509 -6.5848
1.105 2.2419 -6.5348
1.095 2.2329 -6.4848
1.085 2.2239 -6.4348
1.075 2.2149 -6.3848
1.065 2.2059 -6.3348
1.055 2.1969 -6.2848
1.045 2.1878 -6.2348
1.035 2.1788 -6.1848
1.025 2.1697 -6.1348
1.015 2.1606 -6.0848
1.005 2.1515 -6.0348
0.995 2.1424 -5.9848
0.985 2.1333 -5.9348
0.975 2.1242 -5.8848
0.965 2.1151 -5.8348
0.955 2.106 -5.7848
0.945 2.0968 -5.7348
0.935 2.0877 -5.6848
0.925 2.0785 -5.6348
0.915 2.0693 -5.5848
0.905 2.0601 -5.5348
0.895 2.051 -5.4848
0.885 2.0418 -5.4348
0.875 2.0325 -5.3848
0.865 2.0233 -5.3348
0.855 2.0141 -5.2848
0.845 2.0048 -5.2348
0.835 1.9956 -5.1848
0.825 1.9863 -5.1348
0.815 1.9771 -5.0848
0.805 1.9678 -5.0348
0.795 1.9585 -4.9848
0.785 1.9492 -4.9348
0.775 1.9399 -4.8848
0.765 1.9306 -4.8348
0.755 1.9212 -4.7848
0.745 1.9119 -4.7348
0.735 1.9025 -4.6848
0.725 1.8932 -4.6348
0.715 1.8838 -4.5848
0.705 1.8744 -4.5348
0.695 1.8651 -4.4848
0.685 1.8557 -4.4348
0.675 1.8462 -4.3848
0.665 1.8368 -4.3348
0.655 1.8274 -4.2848
0.645 1.818 -4.2348
0.635 1.8085 -4.1848
0.625 1.7991 -4.1348
0.6149 1.7896 -4.0847
0.6049 1.7801 -4.0347
0.5949 1.7706 -3.9847
0.5849 1.7611 -3.9347
0.5749 1.7516 -3.8847
0.5649 1.7421 -3.8347
0.5549 1.7326 -3.7847
0.5449 1.723 -3.7347
0.5349 1.7135 -3.6847
0.5249 1.7039 -3.6347
0.5149 1.6944 -3.5847
0.5049 1.6848 -3.5347
0.4949 1.6752 -3.4847
0.4849 1.6656 -3.4347
0.4749 1.656 -3.3847
0.4649 1.6464 -3.3347
0.4549 1.6368 -3.2847
0.4449 1.6272 -3.2347
0.4349 1.6175 -3.1847
0.4249 1.6079 -3.1347
0.4149 1.5982 -3.0847
0.4049 1.5885 -3.0347
0.3949 1.5788 -2.9847
0.3849 1.5691 -2.9347
0.3749 1.5594 -2.8847
0.3649 1.5497 -2.8347
0.3549 1.54 -2.7847
0.3449 1.5303 -2.7347
0.3349 1.5205 -2.6847
0.3249 1.5108 -2.6347
0.3149 1.501 -2.5847
0.3049 1.4912 -2.5347
0.2949 1.4815 -2.4847
0.2849 1.4717 -2.4347
0.2749 1.4619 -2.3847
0.2649 1.4521 -2.3347
0.2549 1.4422 -2.2847
0.2449 1.4324 -2.2347
0.2349 1.4226 -2.1847
0.2249 1.4127 -2.1347
0.2149 1.4029 -2.0847
0.2049 1.393 -2.0347
0.1949 1.3831 -1.9847
0.1849 1.3732 -1.9347
0.1749 1.3633 -1.8847
0.1649 1.3534 -1.8347
0.1549 1.3435 -1.7847
0.1449 1.3336 -1.7347
0.1349 1.3236 -1.6847
0.1249 1.3137 -1.6347
0.1149 1.3037 -1.5847
0.1049 1.2938 -1.5347
0.0949 1.2838 -1.4847
0.0849 1.2738 -1.4347
0.0749 1.2638 -1.3847
0.0649 1.2538 -1.3347
0.0549 1.2438 -1.2847
0.0449 1.2338 -1.2347
0.0349 1.2237 -1.1847
0.0249 1.2137 -1.1347
0.0149 1.2036 -1.0846
0.0049 1.1936 -1.0346
-0.0051 1.1835 -0.9846
-0.0151 1.1734 -0.9346
-0.0251 1.1633 -0.8846
-0.0351 1.1532 -0.8346
-0.0451 1.1431 -0.7846
-0.0551 1.133 -0.7346
-0.0651 1.1228 -0.6846
-0.0751 1.1127 -0.6346
-0.0851 1.1025 -0.5846
-0.0951 1.0924 -0.5346
-0.1051 1.0822 -0.4846
-0.1151 1.072 -0.4346
-0.1251 1.0618 -0.3846
-0.1351 1.0516 -0.3346
-0.1451 1.0414 -0.2846
-0.1551 1.0312 -0.2346
-0.1651 1.0209 -0.1846
-0.1751 1.0107 -0.1346
-0.1851 1.0004 -0.0846
-0.1951 0.9902 -0.0346
-0.2051 0.9799 0.0154
-0.2151 0.9696 0.0654
-0.2251 0.9593 0.1154
-0.2351 0.949 0.1654
-0.2451 0.9387 0.2154
-0.2551 0.9284 0.2654
-0.2651 0.9181 0.3154
-0.2751 0.9077 0.3654
-0.2851 0.8974 0.4154
-0.2951 0.887 0.4654
-0.3051 0.8767 0.5154
-0.3151 0.8663 0.5654
-0.3251 0.8559 0.6154
-0.3351 0.8455 0.6654
-0.3451 0.8351 0.7154
-0.3551 0.8247 0.7654
-0.3651 0.8142 0.8154
-0.3751 0.8038 0.8654
-0.3851 0.7934 0.9154
-0.3951 0.7829 0.9654
-0.4051 0.7724 1.0154
-0.4151 0.7619 1.0654
-0.4251 0.7515 1.1154
-0.4351 0.741 1.1654
-0.4451 0.7305 1.2154
-0.4551 0.7199 1.2654
-0.4651 0.7094 1.3154
-0.4751 0.6989 1.3654
-0.4851 0.6883 1.4154
-0.4951 0.6778 1.4654
-0.5051 0.6672 1.5154
-0.5151 0.6566 1.5654
-0.5251 0.646 1.6154
-0.5351 0.6355 1.6654
-0.5451 0.6248 1.7154
-0.5551 0.6142 1.7654
-0.5651 0.6036 1.8154
-0.5751 0.593 1.8654
-0.5851 0.5823 1.9155
-0.5951 0.5717 1.9655
-0.6051 0.561 2.0155
-0.6151 0.5503 2.0655
-0.6251 0.5397 2.1155
-0.6351 0.529 2.1655
-0.6451 0.5183 2.2155
-0.6551 0.5075 2.2655
-0.6651 0.4968 2.3155
-0.6751 0.4861 2.3655
-0.6851 0.4753 2.4155
-0.6951 0.4646 2.4655
-0.7051 0.4538 2.5155
-0.7151 0.4431 2.5655
-0.7251 0.4323 2.6155
-0.7351 0.4215 2.6655
-0.7451 0.4107 2.7155
-0.7551 0.3999 2.7655
-0.7651 0.3891 2.8155
-0.7751 0.3782 2.8655
-0.7851 0.3674 2.9155
-0.7951 0.3565 2.9655
-0.8051 0.3457 3.0155
-0.8151 0.3348 3.0655
-0.8251 0.3239 3.1155
-0.8351 0.313 3.1655
-0.8451 0.3021 3.2155
-0.8551 0.2912 3.2655
-0.8651 0.2803 3.3155
-0.8751 0.2694 3.3655
-0.8851 0.2584 3.4155
-0.8951 0.2475 3.4655
-0.9051 0.2365 3.5155
-0.9151 0.2256 3.5655
-0.9251 0.2146 3.6155
-0.9351 0.2036 3.6655
-0.9451 0.1926 3.7155
-0.9551 0.1816 3.7655
-0.9651 0.1706 3.8155
-0.9751 0.1596 3.8655
-0.9851 0.1485 3.9155
-0.9951 0.1375 3.9655
-1.0051 0.1264 4.0155
-1.0151 0.1153 4.0655
-1.0251 0.1043 4.1155
-1.0351 0.0932 4.1655
-1.0451 0.0821 4.2155
-1.0551 0.071 4.2655
-1.0651 0.0599 4.3155
-1.0751 0.0487 4.3655
-1.0851 0.0376 4.4155
-1.0951 0.0265 4.4655
-1.1051 0.0153 4.5155
-1.1151 0.0041 4.5655
-1.1188 -0 4.5841
-1.1188 0 4.5841
-1.1288 0.0078 4.6341
-1.1388 0.0156 4.6841
-1.1488 0.0234 4.7341
-1.1588 0.0312 4.7841
-1.1688 0.039 4.8341
-1.1788 0.0467 4.8841
-1.1888 0.0545 4.9341
-1.1988 0.0623 4.9841
-1.2088 0.07 5.0341
-1.2188 0.0777 5.0841
-1.2288 0.0854 5.1341
-1.2388 0.0931 5.1841
-1.2488 0.1008 5.2341
-1.2588 0.1085 5.2841
-1.2688 0.1162 5.3341
-1.2788 0.1239 5.3841
-1.2888 0.1315 5.4341
-1.2988 0.1392 5.4841
-1.3088 0.1468 5.5341
-1.3188 0.1545 5.5841
-1.3288 0.1621 5.6341
-1.3388 0.1697 5.6841
-1.3488 0.1773 5.7341
-1.3588 0.1849 5.7841
-1.3688 0.1925 5.8341
-1.3788 0.2 5.8841
-1.3888 0.2076 5.9341
-1.3988 0.2151 5.9841
-1.4088 0.2227 6.0341
-1.4188 0.2302 6.0841
-1.4288 0.2377 6.1341
-1.4388 0.2452 6.1841
-1.4488 0.2527 6.2342
-1.4588 0.2602 6.2842
-1.4688 0.2677 6.3342
-1.4788 0.2752 6.3842
-1.4888 0.2827 6.4342
-1.4988 0.2901 6.4842
-1.5088 0.2976 6.5342
-1.5188 0.305 6.5842
-1.5288 0.3124 6.6342
-1.5388 0.3198 6.6842
-1.5488 0.3272 6.7342
-1.5588 0.3346 6.7842
-1.5688 0.342 6.8342
-1.5788 0.3494 6.8842
-1.5888 0.3567 6.9342
-1.5988 0.3641 6.9842
-1.6088 0.3714 7.0342
-1.6188 0.3788 7.0842
-1.6288 0.3861 7.1342
-1.6388 0.3934 7.1842
-1.6488 0.4007 7.2342
-1.6588 0.408 7.2842
-1.6688 0.4153 7.3342
-1.6788 0.4226 7.3842
-1.6888 0.4299 7.4342
-1.6988 0.4371 7.4842
-1.7088 0.4444 7.5342
-1.7188 0.4516 7.5842
-1.7288 0.4588 7.6342
-1.7388 0.466 7.6842
-1.7488 0.4732 7.7342
-1.7588 0.4804 7.7842
-1.7688 0.4876 7.8342
-1.7788 0.4948 7.8842
-1.7888 0.502 7.9342
-1.7988 0.5091 7.9842
-1.8088 0.5163 8.0342
-1.8188 0.5234 8.0842
-1.8288 0.5306 8.1342
-1.8388 0.5377 8.1842
-1.8488 0.5448 8.2342
-1.8588 0.5519 8.2842
-1.8688 0.559 8.3342
-1.8788 0.5661 8.3842
-1.8888 0.5731 8.4342
-1.8988 0.5802 8.4842
-1.9088 0.5872 8.5342
-1.9188 0.5943 8.5842
-1.9288 0.6013 8.6342
-1.9388 0.6083 8.6842
-1.9488 0.6153 8.7342
-1.9588 0.6223 8.7842
-1.9688 0.6293 8.8342
-1.9788 0.6363 8.8842
-1.9888 0.6433 8.9342
-1.9988 0.6503 8.9842
-2.0088 0.6572 9.0342
-2.0188 0.6642 9.0842
-2.0288 0.6711 9.1342
-2.0388 0.678 9.1842
-2.0489 0.6849 9.2343
-2.0589 0.6918 9.2843
-2.0689 0.6987 9.3343
-2.0789 0.7056 9.3843
-2.0889 0.7125 9.4343
-2.0989 0.7193 9.4843
-2.1089 0.7262 9.5343
-2.1189 0.733 9.5843
-2.1289 0.7399 9.6343
-2.1389 0.7467 9.6843
-2.1489 0.7535 9.7343
-2.1589 0.7603 9.7843
-2.1689 0.7671 9.8343
-2.1789 0.7739 9.8843
-2.1889 0.7807 9.9343
-2.1989 0.7874 9.9843
-2.2089 0.7942 10.0343
-2.2189 0.8009 10.0843
-2.2289 0.8077 10.1343
-2.2389 0.8144 10.1843
-2.2489 0.8211 10.2343
-2.2589 0.8278 10.2843
-2.2689 0.8345 10.3343
-2.2789 0.8412 10.3843
-2.2889 0.8479 10.4343
-2.2989 0.8546 10.4843
-2.3089 0.8612 10.5343
-2.3189 0.8679 10.5843
-2.3289 0.8745 10.6343
-2.3389 0.8811 10.6843
-2.3489 0.8878 10.7343
-2.3589 0.8944 10.7843
-2.3689 0.901 10.8343
-2.3789 0.9076 10.8843
-2.3889 0.9141 10.9343
-2.3989 0.9207 10.9843
-2.4089 0.9273 11.0343
-2.4189 0.9338 11.0843
-2.4289 0.9404 11.1343
-2.4389 0.9469 11.1843
-2.4489 0.9534 11.2343
-2.4589 0.9599 11.2843
-2.4689 0.9664 11.3343
-2.4789 0.9729 11.3843
-2.4889 0.9794 11.4343
-2.4989 0.9859 11.4843
-2.5089 0.9923 11.5343
-2.5189 0.9988 11.5843
-2.5289 1.0052 11.6343
-2.5389 1.0117 11.6843
-2.5489 1.0181 11.7343
-2.5589 1.0245 11.7843
-2.5689 1.0309 11.8343
-2.5789 1.0373 11.8843
-2.5889 1.0437 11.9343
-2.5989 1.0501 11.9843
-2.6089 1.0564 12.0343
-2.6189 1.0628 12.0843
-2.6289 1.0691 12.1343
-2.6389 1.0754 12.1843
-2.6489 1.0818 12.2344
-2.6589 1.0881 12.2844
-2.6689 1.0944 12.3344
-2.6789 1.1007 12.3844
-2.6889 1.107 12.4344
-2.6989 1.1132 12.4844
-2.7089 1.1195 12.5344
-2.7189 1.1258 12.5844
-2.7289 1.132 12.6344
-2.7389 1.1383 12.6844
-2.7489 1.1445 12.7344
-2.7589 1.1507 12.7844
-2.7689 1.1569 12.8344
-2.7789 1.1631 12.8844
-2.7889 1.1693 12.9344
-2.7989 1.1755 12.9844
-2.8089 1.1816 13.0344
-2.8189 1.1878 13.0844
-2.8289 1.1939 13.1344
-2.8389 1.2001 13.1844
-2.8489 1.2062 13.2344
-2.8589 1.2123 13.2844
-2.8689 1.2184 13.3344
-2.8789 1.2245 13.3844
-2.8889 1.2306 13.4344
-2.8989 1.2367 13.4844
-2.9089 1.2428 13.5344
-2.9189 1.2488 13.5844
-2.9289 1.2549 13.6344
-2.9389 1.2609 13.6844
-2.9489 1.267 13.7344
-2.9589 1.273 13.7844
-2.9689 1.279 13.8344
-2.9789 1.285 13.8844
-2.9889 1.291 13.9344
-2.9989 1.297 13.9844
-3.0089 1.3029 14.0344
-3.0189 1.3089 14.0844
-3.0289 1.3148 14.1344
-3.0389 1.3208 14.1844
-3.0489 1.3267 14.2344
-3.0589 1.3326 14.2844
-3.0689 1.3386 14.3344
-3.0789 1.3445 14.3844
-3.0889 1.3504 14.4344
-3.0989 1.3562 14.4844
-3.1089 1.3621 14.5344
-3.1189 1.368 14.5844
-3.1289 1.3738 14.6344
-3.1389 1.3797 14.6844
-3.1489 1.3855 14.7344
-3.1589 1.3913 14.7844
-3.1689 1.3971 14.8344
-3.1789 1.4029 14.8844
-3.1889 1.4087 14.9344
-3.1989 1.4145 14.9844
-3.2089 1.4203 15.0344
-3.2189 1.4261 15.0844
-3.2289 1.4318 15.1344
-3.2389 1.4376 15.1844
-3.2489 1.4433 15.2345
-3.2589 1.449 15.2845
-3.2689 1.4547 15.3345
-3.2789 1.4605 15.3845
-3.2889 1.4662 15.4345
-3.2989 1.4718 15.4845
-3.3089 1.4775 15.5345
-3.3189 1.4832 15.5845
-3.3289 1.4888 15.6345
-3.3389 1.4945 15.6845
-3.3489 1.5001 15.7345
-3.3589 1.5058 15.7845
-3.3689 1.5114 15.8345
-3.3789 1.517 15.8845
-3.3889 1.5226 15.9345
-3.3989 1.5282 15.9845
-3.4089 1.5338 16.0345
-3.4189 1.5393 16.0845
-3.4289 1.5449 16.1345
-3.4389 1.5504 16.1845
-3.4489 1.556 16.2345
-3.4589 1.5615 16.2845
-3.4689 1.567 16.3345
-3.4789 1.5725 16.3845
-3.4889 1.578 16.4345
-3.4989 1.5835 16.4845
-3.5089 1.589 16.5345
-3.5189 1.5945 16.5845
-3.5289 1.5999 16.6345
-3.5389 1.6054 16.6845
-3.5489 1.6108 16.7345
-3.5589 1.6163 16.7845
-3.5689 1.6217 16.8345
-3.5789 1.6271 16.8845
-3.5889 1.6325 16.9345
-3.5989 1.6379 16.9845
-3.6089 1.6433 16.985
-3.6089 1.6433 16.985
-3.6089 1.6433 16.985
-3.6089 1.6433 16.985
-3.6089 1.6433 16.985
-3.6089 1.6433 16.985
-3.6089 1.6433 16.985
-3.6089 1.6433 16.985
-3.6089 1.6433 16.985
-3.6089 1.6433 16.985
-3.6089 1.6433 16.985
-3.6089 1.6433 16.985
-3.6089 1.6433 16.985
-3.6089 1.6433 16.985
-3.6089 1.6433 16.985
-3.6089 1.6433 16.985
-3.6089 1.6433 16.985
-3.6089 1.6433 16.985
-3.6089 1.6433 16.985
-3.6089 1.6433 16.985
-3.6089 1.6433 16.985
-3.6089 1.6433 16.985
-3.6089 1.6433 16.985
-3.6089 1.6433 16.985
-3.6089 1.6433 16.985
-3.6089 1.6433 16.985
-3.6089 1.6433 16.985
-3.6089 1.6433 16.985
-3.6089 1.6433 16.985
-3.6089 1.6433 16.985
-3.6089 1.6433 16.985
-3.6089 1.6433 16.985
-3.6089 1.6433 16.985
-3.6089 1.6433 16.985
-3.6089 1.6433 16.985
-3.6089 1.6433 16.985
-3.6089 1.6433 16.985
-3.6089 1.6433 16.985
-3.6089 1.6433 16.985
-3.6089 1.6433 16.985
-3.6089 1.6433 16.985
-3.6089 1.6433 16.985
-3.6089 1.6433 16.985
-3.6089 1.6433 16.985
-3.6089 1.6433 16.985
-3.6089 1.6433 16.985
-3.6089 1.6433 16.985
-3.6089 1.6433 16.985
-3.6089 1.6433 16.985
-3.6089 1.6433 16.985
-3.6089 1.6433 16.985
-3.6089 1.6433 16.985
-3.6089 1.6433 16.985
-3.6089 1.6433 16.985
-3.6089 1.6433 16.985
-3.6089 1.6433 16.985
-3.6089 1.6433 16.985
-3.6089 1.6433 16.985
-3.6089 1.6433 16.985
-3.6089 1.6433 16.985
-3.6089 1.6433 16.985
-3.6089 1.6433 16.985
-3.6089 1.6433 16.985
-3.6089 1.6433 16.985
-3.6089 1.6433 16.985
-3.6089 1.6433 16.985
-3.6089 1.6433 16.985
-3.6089 1.6433 16.985
-3.6089 1.6433 16.985
-3.6089 1.6433 16.985
-3.6089 1.6433 16.985
-3.6089 1.6433 16.985
-3.6089 1.6433 16.985
-3.6089 1.6433 16.985
-3.6089 1.6433 16.985
-3.6089 1.6433 16.985
-3.6089 1.6433 16.985
-3.6089 1.6433 16.985
-3.6089 1.6433 16.985
-3.6089 1.6433 16.985
-3.6089 1.6433 16.985
-3.6089 1.6433 16.985
-3.6089 1.6433 16.985
-3.6089 1.6433 16.985
-3.6089 1.6433 16.985
-3.6089 1.6433 16.985
-3.6089 1.6433 16.985
-3.6089 1.6433 16.985
-3.6089 1.6433 16.985
-3.6089 1.6433 16.985
-3.6089 1.6433 16.985
-3.6089 1.6433 16.985
-3.6089 1.6433 16.985
-3.6089 1.6433 16.985
-3.6089 1.6433 16.985
-3.6089 1.6433 16.985
-3.6089 1.6433 16.985
-3.6089 1.6433 16.985
-3.6089 1.6433 16.985
-3.6089 1.6433 16.985
-3.6089 1.6433 16.985
-3.6089 1.6433 16.985
-3.6089 1.6433 16.985
-3.6089 1.6433 16.985
-3.6089 1.6433 16.985
-3.6089 1.6433 16.985
-3.6089 1.6433 16.985
-3.6089 1.6433 16.985
-3.6089 1.6433 16.985
-3.6089 1.6433 16.985
-3.6089 1.6433 16.985
-3.6089 1.6433 16.985
-3.6089 1.6433 16.985
-3.6089 1.6433 16.985
-3.6089 1.6433 16.985
-3.6089 1.6433 16.985
-3.6089 1.6433 16.985
-3.6089 1.6433 16.985
-3.6089 1.6433 16.985
-3.6089 1.6433 16.985
-3.6089 1.6433 16.985
-3.6089 1.6433 16.985
-3.6089 1.6433 16.985
-3.6089 1.6433 16.985
-3.6089 1.6433 16.985
-3.6089 1.6433 16.985
-3.6089 1.6433 16.985
-3.6089 1.6433 16.985
-3.6089 1.6433 16.985
-3.6089 1.6433 16.985
-3.6089 1.6433 16.985
-3.6089 1.6433 16.985
-3.6089 1.6433 16.985
-3.6089 1.6433 16.985
-3.6089 1.6433 16.985
-3.6089 1.6433 16.985
-3.6089 1.6433 16.985
-3.6089 1.6433 16.985
-3.6089 1.6433 16.985
-3.6089 1.6433 16.985
-3.6089 1.6433 16.985
-3.6089 1.6433 16.985
-3.6089 1.6433 16.985
-3.6089 1.6433 16.985
-3.6089 1.6433 16.985
-3.6089 1.6433 16.985
-3.6089 1.6433 16.985
-3.6089 1.6433 16.985
-3.6089 1.6433 16.985
-3.6089 1.6433 16.985
-3.6089 1.6433 16.985
-3.6089 1.6433 16.985
-3.6089 1.6433 16.985
-3.6089 1.6433 16.985
-3.6089 1.6433 16.985
-3.6089 1.6433 16.985
-3.6089 1.6433 16.985
-3.6089 1.6433 16.985
-3.6089 1.6433 16.985
-3.6089 1.6433 16.985
-3.6089 1.6433 16.985
-3.6089 1.6433 16.985
-3.6089 1.6433 16.985
-3.6089 1.6433 16.985
-3.6089 1.6433 16.985
-3.6089 1.6433 16.985
-3.6089 1.6433 16.985
-3.6089 1.6433 16.985
-3.6089 1.6433 16.985
-3.6089 1.6433 16.985
-3.6089 1.6433 16.985
-3.6089 1.6433 16.985
-3.6089 1.6433 16.985
-3.6089 1.6433 16.985
-3.6089 1.6433 16.985
-3.6089 1.6433 16.985
-3.6089 1.6433 16.985
-3.6089 1.6433 16.985
-3.6089 1.6433 16.985
-3.6089 1.6433 16.985
-3.6089 1.6433 16.985
-3.6089 1.6433 16.985
-3.6089 1.6433 16.985
-3.6089 1.6433 16.985
-3.6089 1.6433 16.985
-3.6089 1.6433 16.985
-3.6089 1.6433 16.985
-3.6089 1.6433 16.985
-3.6089 1.6433 16.985
-3.6089 1.6433 16.985
-3.6089 1.6433 16.985
-3.6089 1.6433 16.985
-3.6089 1.6433 16.985
-3.6089 1.6433 16.985
-3.6089 1.6433 16.985
-3.6089 1.6433 16.985
-3.6089 1.6433 16.985
-3.6089 1.6433 16.985
-3.6089 1.6433 16.985
-3.6089 1.6433 16.985
-3.6089 1.6433 16.985
-3.6089 1.6433 16.985
-3.6089 1.6433 16.985
-3.6089 1.6433 16.985
-3.6089 1.6433 16.985
-3.6089 1.6433 16.985
-3.6089 1.6433 16.985
-3.6089 1.6433 16.985
-3.6089 1.6433 16.985
-3.6089 1.6433 16.985
-3.6089 1.6433 16.985
-3.6089 1.6433 16.985
-3.6089 1.6433 16.985
-3.6089 1.6433 16.985
-3.6089 1.6433 16.985
-3.6089 1.6433 16.985
-3.6089 1.6433 16.985
-3.6089 1.6433 16.985
-3.6089 1.6433 16.985
-3.6089 1.6433 16.985
-3.6089 1.6433 16.985
-3.6089 1.6433 16.985
-3.6089 1.6433 16.985
-3.6089 1.6433 16.985
-3.6089 1.6433 16.985
-3.6089 1.6433 16.985
-3.6089 1.6433 16.985
-3.6089 1.6433 16.985
-3.6089 1.6433 16.985
-3.6089 1.6433 16.985
-3.6089 1.6433 16.985
-3.6089 1.6433 16.985
-3.6089 1.6433 16.985
-3.6089 1.6433 16.985
-3.6089 1.6433 16.985
-3.6089 1.6433 16.985
-3.6089 1.6433 16.985
-3.6089 1.6433 16.985
-3.6089 1.6433 16.985
-3.6089 1.6433 16.985
-3.6089 1.6433 16.985
-3.6089 1.6433 16.985
-3.6089 1.6433 16.985
-3.6089 1.6433 16.985
-3.6089 1.6433 16.985
-3.6089 1.6433 16.985
-3.6089 1.6433 16.985
-3.6089 1.6433 16.985
-3.6089 1.6433 16.985
-3.6089 1.6433 16.985
-3.6089 1.6433 16.985
-3.6089 1.6433 16.985
-3.6089 1.6433 16.985
-3.6089 1.6433 16.985
-3.6089 1.6433 16.985
-3.6089 1.6433 16.985
-3.6089 1.6433 16.985
-3.6089 1.6433 16.985
-3.6089 1.6433 16.985
-3.6089 1.6433 16.985
-3.6089 1.6433 16.985
-3.6089 1.6433 16.985
-3.6089 1.6433 16.985
-3.6089 1.6433 16.985
-3.6089 1.6433 16.985
-3.6089 1.6433 16.985
-3.6089 1.6433 16.985
-3.6089 1.6433 16.985
-3.6089 1.6433 16.985
-3.6089 1.6433 16.985
-3.6089 1.6433 16.985
-3.6089 1.6433 16.985
-3.6089 1.6433 16.985
-3.6089 1.6433 16.985
-3.6089 1.6433 16.985
-3.6089 1.6433 16.985
-3.6089 1.6433 16.985
-3.6089 1.6433 16.985
-3.6089 1.6433 16.985
-3.6089 1.6433 16.985
-3.6089 1.6433 16.985
-3.6089 1.6433 16.985
-3.6089 1.6433 16.985
-3.6089 1.6433 16.985
-3.6089 1.6433 16.985
-3.6089 1.6433 16.985
-3.6089 1.6433 16.985
-3.6089 1.6433 16.985
-3.6089 1.6433 16.985
-3.6089 1.6433 16.985
-3.6089 1.6433 16.985
-3.6089 1.6433 16.985
-3.6089 1.6433 16.985
-3.6089 1.6433 16.985
-3.6089 1.6433 16.985
-3.6089 1.6433 16.985
-3.6089 1.6433 16.985
-3.6089 1.6433 16.985
-3.6089 1.6433 16.985
-3.6089 1.6433 16.985
-3.6089 1.6433 16.985
-3.6089 1.6433 16.985
-3.6089 1.6433 16.985
-3.6089 1.6433 16.985
-3.6089 1.6433 16.985
-3.6089 1.6433 16.985
-3.6089 1.6433 16.985
-3.6089 1.6433 16.985
-3.6089 1.6433 16.985
-3.6089 1.6433 16.985
-3.6089 1.6433 16.985
-3.6089 1.6433 16.985
-3.6089 1.6433 16.985
-3.6089 1.6433 16.985
-3.6089 1.6433 16.985
-3.6089 1.6433 16.985
-3.6089 1.6433 16.985
-3.6089 1.6433 16.985
-3.6089 1.6433 16.985
-3.6089 1.6433 16.985
-3.6089 1.6433 16.985
-3.6089 1.6433 16.985
-3.6089 1.6433 16.985
-3.6089 1.6433 16.985
-3.6089 1.6433 16.985
-3.6089 1.6433 16.985
-3.6089 1.6433 16.985
-3.6089 1.6433 16.985
-3.6089 1.6433 16.985
-3.6089 1.6433 16.985
-3.6089 1.6433 16.985
-3.6089 1.6433 16.985
-3.6089 1.6433 16.985
-3.6089 1.6433 16.985
-3.6089 1.6433 16.985
-3.6089 1.6433 16.985
-3.6089 1.6433 16.985
-3.6089 1.6433 16.985
-3.6089 1.6433 16.985
-3.6089 1.6433 16.985
-3.6089 1.6433 16.985
-3.6089 1.6433 16.985
-3.6089 1.6433 16.985
-3.6089 1.6433 16.985
-3.6089 1.6433 16.985
-3.6089 1.6433 16.985
-3.6089 1.6433 16.985
-3.6089 1.6433 16.985
-3.6089 1.6433 16.985
-3.6089 1.6433 16.985
-3.6089 1.6433 16.985
-3.6089 1.6433 16.985
-3.6089 1.6433 16.985
-3.6089 1.6433 16.985
-3.6089 1.6433 16.985
-3.6089 1.6433 16.985
-3.6089 1.6433 16.985
-3.6089 1.6433 16.985
-3.6089 1.6433 16.985
-3.6089 1.6433 16.985
-3.6089 1.6433 16.985
-3.6089 1.6433 16.985
-3.6089 1.6433 16.985
-3.6089 1.6433 16.985
-3.6089 1.6433 16.985
-3.6089 1.6433 16.985
-3.6089 1.6433 16.985
-3.6089 1.6433 16.985
-3.6089 1.6433 16.985
-3.6089 1.6433 16.985
-3.6089 1.6433 16.985
-3.6089 1.6433 16.985
-3.6089 1.6433 16.985
-3.6089 1.6433 16.985
-3.6089 1.6433 16.985
-3.6089 1.6433 16.985
-3.6089 1.6433 16.985
-3.6089 1.6433 16.985
-3.6089 1.6433 16.985
-3.6089 1.6433 16.985
-3.6089 1.6433 16.985
-3.6089 1.6433 16.985
-3.6089 1.6433 16.985
-3.6089 1.6433 16.985
-3.6089 1.6433 16.985
-3.6089 1.6433 16.985
-3.6089 1.6433 16.985
-3.6089 1.6433 16.985
-3.6089 1.6433 16.985
-3.6089 1.6433 16.985
-3.6089 1.6433 16.985
-3.6089 1.6433 16.985
-3.6089 1.6433 16.985
-3.6089 1.6433 16.985
-3.6089 1.6433 16.985
-3.6089 1.6433 16.985
-3.6089 1.6433 16.985
-3.6089 1.6433 16.985
-3.6089 1.6433 16.985
-3.6089 1.6433 16.985
-3.6089 1.6433 16.985
-3.6089 1.6433 16.985
-3.6089 1.6433 16.985
-3.6089 1.6433 16.985
-3.6089 1.6433 16.985
-3.6089 1.6433 16.985
-3.6089 1.6433 16.985
-3.6089 1.6433 16.985
-3.6089 1.6433 16.985
-3.6089 1.6433 16.985
-3.6089 1.6433 16.985
-3.6089 1.6433 16.985
-3.6089 1.6433 16.985
-3.6089 1.6433 16.985
-3.6089 1.6433 16.985
-3.6089 1.6433 16.985
-3.6089 1.6433 16.985
-3.6089 1.6433 16.985
-3.6089 1.6433 16.985
-3.6089 1.6433 16.985
-3.6089 1.6433 16.985
-3.6089 1.6433 16.985
-3.6089 1.6433 16.985
-3.6089 1.6433 16.985
-3.6089 1.6433 16.985
-3.6089 1.6433 16.985
-3.6089 1.6433 16.985
-3.6089 1.6433 16.985
-3.6089 1.6433 16.985
-3.6089 1.6433 16.985
-3.6089 1.6433 16.985
-3.6089 1.6433 16.985
-3.6089 1.6433 16.985
-3.6089 1.6433 16.985
-3.6089 1.6433 16.985
-3.6089 1.6433 16.985
-3.6089 1.6433 16.985
-3.6089 1.6433 16.985
-3.6089 1.6433 16.985
-3.6089 1.6433 16.985
-3.6089 1.6433 16.985
-3.6089 1.6433 16.985
-3.6089 1.6433 16.985
-3.6089 1.6433 16.985
-3.6089 1.6433 16.985
-3.6089 1.6433 16.985
-3.6089 1.6433 16.985
-3.6089 1.6433 16.985
-3.6089 1.6433 16.985
-3.6089 1.6433 16.985
-3.6089 1.6433 16.985
-3.6089 1.6433 16.985
-3.6089 1.6433 16.985
-3.6089 1.6433 16.985
-3.6089 1.6433 16.985
-3.6089 1.6433 16.985
-3.6089 1.6433 16.985
-3.6089 1.6433 16.985
-3.6089 1.6433 16.985
-3.6089 1.6433 16.985
-3.6089 1.6433 16.985
-3.6089 1.6433 16.985
-3.6089 1.6433 16.985
-3.6089 1.6433 16.985
-3.6089 1.6433 16.985
-3.6089 1.6433 16.985
-3.6089 1.6433 16.985
-3.6089 1.6433 16.985
-3.6089 1.6433 16.985
-3.6089 1.6433 16.985
-3.6089 1.6433 16.985
-3.6089 1.6433 16.985
-3.6089 1.6433 16.985
-3.6089 1.6433 16.985
-3.6089 1.6433 16.985
-3.6089 1.6433 16.985
-3.6089 1.6433 16.985
-3.6089 1.6433 16.985
-3.6089 1.6433 16.985
-3.6089 1.6433 16.985
-3.6089 1.6433 16.985
-3.6089 1.6433 16.985
-3.6089 1.6433 16.985
-3.6089 1.6433 16.985
-3.6089 1.6433 16.985
-3.6089 1.6433 16.985
-3.6089 1.6433 16.985
-3.6089 1.6433 16.985
-3.6089 1.6433 16.985
-3.6089 1.6433 16.985
-3.6089 1.6433 16.985
-3.6089 1.6433 16.985
-3.6089 1.6433 16.985
-3.6089 1.6433 16.985
-3.6089 1.6433 16.985
-3.6089 1.6433 16.985
-3.6089 1.6433 16.985
-3.6089 1.6433 16.985
-3.6089 1.6433 16.985
-3.6089 1.6433 16.985
-3.6089 1.6433 16.985
-3.6089 1.6433 16.985
-3.6089 1.6433 16.985
-3.6089 1.6433 16.985
-3.6089 1.6433 16.985
-3.6089 1.6433 16.985
-3.6089 1.6433 16.985
-3.6089 1.6433 16.985
-3.6089 1.6433 16.985
-3.6089 1.6433 16.985
-3.6089 1.6433 16.985
-3.6089 1.6433 16.985
-3.6089 1.6433 16.985
-3.6089 1.6433 16.985
-3.6089 1.6433 16.985
-3.6089 1.6433 16.985
-3.6089 1.6433 16.985
-3.6089 1.6433 16.985
-3.6089 1.6433 16.985
-3.6089 1.6433 16.985
-3.6089 1.6433 16.985
-3.6089 1.6433 16.985
-3.6089 1.6433 16.985
-3.6089 1.6433 16.985
-3.6089 1.6433 16.985
-3.6089 1.6433 16.985
-3.6089 1.6433 16.985
-3.6089 1.6433 16.985
-3.6089 1.6433 16.985
-3.6089 1.6433 16.985
-3.6089 1.6433 16.985
-3.6089 1.6433 16.985
-3.6089 1.6433 16.985
-3.6089 1.6433 16.985
-3.6089 1.6433 16.985
-3.6089 1.6433 16.985
-3.6089 1.6433 16.985
-3.6089 1.6433 16.985
-3.6089 1.6433 16.985
-3.6089 1.6433 16.985
-3.6089 1.6433 16.985
-3.6089 1.6433 16.985
-3.6089 1.6433 16.985
-3.6089 1.6433 16.985
-3.6089 1.6433 16.985
-3.6089 1.6433 16.985
-3.6089 1.6433 16.985
-3.6089 1.6433 16.985
-3.6089 1.6433 16.985
-3.6089 1.6433 16.985
-3.6089 1.6433 16.985
-3.6089 1.6433 16.985
-3.6089 1.6433 16.985
-3.6089 1.6433 16.985
-3.6089 1.6433 16.985
-3.6089 1.6433 16.985
-3.6089 1.6433 16.985
-3.6089 1.6433 16.985
-3.6089 1.6433 16.985
-3.6089 1.6433 16.985
-3.6089 1.6433 16.985
-3.6089 1.6433 16.985
-3.6089 1.6433 16.985
-3.6089 1.6433 16.985
-3.6089 1.6433 16.985
-3.6089 1.6433 16.985
-3.6089 1.6433 16.985
-3.6089 1.6433 16.985
-3.6089 1.6433 16.985
-3.6089 1.6433 16.985
-3.6089 1.6433 16.985
-3.6089 1.6433 16.985
-3.6089 1.6433 16.985
-3.6089 1.6433 16.985
-3.6089 1.6433 16.985
-3.6089 1.6433 16.985
-3.6089 1.6433 16.985
-3.6089 1.6433 16.985
-3.6089 1.6433 16.985
-3.6089 1.6433 16.985
-3.6089 1.6433 16.985
-3.6089 1.6433 16.985
-3.6089 1.6433 16.985
-3.6089 1.6433 16.985
-3.6089 1.6433 16.985
-3.6089 1.6433 16.985
-3.6089 1.6433 16.985
-3.6089 1.6433 16.985
-3.6089 1.6433 16.985
-3.6089 1.6433 16.985
-3.6089 1.6433 16.985
-3.6089 1.6433 16.985
-3.6089 1.6433 16.985
-3.6089 1.6433 16.985
-3.6089 1.6433 16.985
-3.6089 1.6433 16.985
-3.6089 1.6433 16.985
-3.6089 1.6433 16.985
-3.6089 1.6433 16.985
-3.6089 1.6433 16.985
-3.6089 1.6433 16.985
-3.6089 1.6433 16.985
-3.6089 1.6433 16.985
-3.6089 1.6433 16.985
-3.6089 1.6433 16.985
-3.6089 1.6433 16.985
-3.6089 1.6433 16.985
-3.6089 1.6433 16.985
-3.6089 1.6433 16.985
-3.6089 1.6433 16.985
-3.6089 1.6433 16.985
-3.6089 1.6433 16.985
-3.6089 1.6433 16.985
-3.6089 1.6433 16.985
-3.6089 1.6433 16.985
-3.6089 1.6433 16.985
-3.6089 1.6433 16.985
-3.6089 1.6433 16.985
-3.6089 1.6433 16.985
-3.6089 1.6433 16.985
-3.6089 1.6433 16.985
-3.6089 1.6433 16.985
-3.6089 1.6433 16.985
-3.6089 1.6433 16.985
-3.6089 1.6433 16.985
-3.6089 1.6433 16.985
-3.6089 1.6433 16.985
-3.6089 1.6433 16.985
-3.6089 1.6433 16.985
-3.6089 1.6433 16.985
-3.6089 1.6433 16.985
-3.6089 1.6433 16.985
-3.6089 1.6433 16.985
-3.6089 1.6433 16.985
-3.6089 1.6433 16.985
-3.6089 1.6433 16.985
-3.6089 1.6433 16.985
-3.6089 1.6433 16.985
-3.6089 1.6433 16.985
-3.6089 1.6433 16.985
-3.6089 1.6433 16.985
-3.6089 1.6433 16.985
-3.6089 1.6433 16.985
-3.6089 1.6433 16.985
-3.6089 1.6433 16.985
-3.6089 1.6433 16.985
-3.6089 1.6433 16.985
-3.6089 1.6433 16.985
-3.6089 1.6433 16.985
-3.6089 1.6433 16.985
-3.6089 1.6433 16.985
-3.6089 1.6433 16.985
-3.6089 1.6433 16.985
-3.6089 1.6433 16.985
-3.6089 1.6433 16.985
-3.6089 1.6433 16.985
-3.6089 1.6433 16.985
-3.6089 1.6433 16.985
-3.6089 1.6433 16.985
-3.6089 1.6433 16.985
-3.6089 1.6433 16.985
-3.6089 1.6433 16.985
-3.6089 1.6433 16.985
-3.6089 1.6433 16.985
-3.6089 1.6433 16.985
-3.6089 1.6433 16.985
-3.6089 1.6433 16.985
-3.6089 1.6433 16.985
-3.6089 1.6433 16.985
-3.6089 1.6433 16.985
-3.6089 1.6433 16.985
-3.6089 1.6433 16.985
-3.6089 1.6433 16.985
-3.6089 1.6433 16.985
-3.6089 1.6433 16.985
-3.6089 1.6433 16.985
-3.6089 1.6433 16.985
-3.6089 1.6433 16.985
-3.6089 1.6433 16.985
-3.6089 1.6433 16.985
-3.6089 1.6433 16.985
-3.6089 1.6433 16.985
-3.6089 1.6433 16.985
-3.6089 1.6433 16.985
-3.6089 1.6433 16.985
-3.6089 1.6433 16.985
-3.6089 1.6433 16.985
-3.6089 1.6433 16.985
-3.6089 1.6433 16.985
-3.6089 1.6433 16.985
-3.6089 1.6433 16.985
-3.6089 1.6433 16.985
-3.6089 1.6433 16.985
-3.6089 1.6433 16.985
-3.6089 1.6433 16.985
-3.6089 1.6433 16.985
-3.6089 1.6433 16.985
-3.6089 1.6433 16.985
-3.6089 1.6433 16.985
-3.6089 1.6433 16.985
-3.6089 1.6433 16.985
-3.6089 1.6433 16.985
-3.6089 1.6433 16.985
-3.6089 1.6433 16.985
-3.6089 1.6433 16.985
-3.6089 1.6433 16.985
-3.6089 1.6433 16.985
-3.6089 1.6433 16.985
-3.6089 1.6433 16.985
-3.6089 1.6433 16.985
-3.6089 1.6433 16.985
-3.6089 1.6433 16.985
-3.6089 1.6433 16.985
-3.6089 1.6433 16.985
-3.6089 1.6433 16.985
-3.6089 1.6433 16.985
-3.6089 1.6433 16.985
-3.6089 1.6433 16.985
-3.6089 1.6433 16.985
-3.6089 1.6433 16.985
-3.6089 1.6433 16.985
-3.6089 1.6433 16.985
-3.6089 1.6433 16.985
-3.6089 1.6433 16.985
-3.6089 1.6433 16.985
-3.6089 1.6433 16.985
-3.6089 1.6433 16.985
-3.6089 1.6433 16.985
-3.6089 1.6433 16.985
-3.6089 1.6433 16.985
-3.6089 1.6433 16.985
-3.6089 1.6433 16.985
-3.6089 1.6433 16.985
-3.6089 1.6433 16.985
-3.6089 1.6433 16.985
-3.6089 1.6433 16.985
-3.6089 1.6433 16.985
-3.6089 1.6433 16.985
-3.6089 1.6433 16.985
-3.6089 1.6433 16.985
-3.6089 1.6433 16.985
-3.6089 1.6433 16.985
-3.6089 1.6433 16.985
-3.6089 1.6433 16.985
-3.6089 1.6433 16.985
-3.6089 1.6433 16.985
-3.6089 1.6433 16.985
-3.6089 1.6433 16.985
-3.6089 1.6433 16.985
-3.6089 1.6433 16.985
-3.6089 1.6433 16.985
-3.6089 1.6433 16.985
-3.6089 1.6433 16.985
-3.6089 1.6433 16.985
-3.6089 1.6433 16.985
-3.6089 1.6433 16.985
-3.6089 1.6433 16.985
-3.6089 1.6433 16.985
-3.6089 1.6433 16.985
-3.6089 1.6433 16.985
-3.6089 1.6433 16.985
-3.6089 1.6433 16.985
-3.6089 1.6433 16.985
-3.6089 1.6433 16.985
-3.6089 1.6433 16.985
-3.6089 1.6433 16.985
-3.6089 1.6433 16.985
-3.6089 1.6433 16.985
-3.6089 1.6433 16.985
-3.6089 1.6433 16.985
-3.6089 1.6433 16.985
-3.6089 1.6433 16.985
-3.6089 1.6433 16.985
-3.6089 1.6433 16.985
-3.6089 1.6433 16.985
-3.6089 1.6433 16.985
-3.6089 1.6433 16.985
-3.6089 1.6433 16.985
-3.6089 1.6433 16.985
-3.6089 1.6433 16.985
-3.6089 1.6433 16.985
-3.6089 1.6433 16.985
-3.6089 1.6433 16.985
-3.6089 1.6433 16.985
-3.6089 1.6433 16.985
-3.6089 1.6433 16.985
-3.6089 1.6433 16.985
-3.6089 1.6433 16.985
-3.6089 1.6433 16.985
-3.6089 1.6433 16.985
-3.6089 1.6433 16.985
-3.6089 1.6433 16.985
-3.6089 1.6433 16.985
-3.6089 1.6433 16.985
-3.6089 1.6433 16.985
-3.6089 1.6433 16.985
-3.6089 1.6433 16.985
-3.6089 1.6433 16.985
-3.6089 1.6433 16.985
-3.6089 1.6433 16.985
-3.6089 1.6433 16.985
-3.6089 1.6433 16.985
-3.6089 1.6433 16.985
-3.6089 1.6433 16.985
-3.6089 1.6433 16.985
-3.6089 1.6433 16.985
-3.6089 1.6433 16.985
-3.6089 1.6433 16.985
-3.6089 1.6433 16.985
-3.6089 1.6433 16.985
-3.6089 1.6433 16.985
-3.6089 1.6433 16.985
-3.6089 1.6433 16.985
-3.6089 1.6433 16.985
-3.6089 1.6433 16.985
-3.6089 1.6433 16.985
-3.6089 1.6433 16.985
-3.6089 1.6433 16.985
-3.6089 1.6433 16.985
-3.6089 1.6433 16.985
-3.6089 1.6433 16.985
-3.6089 1.6433 16.985
-3.6089 1.6433 16.985
-3.6089 1.6433 16.985
-3.6089 1.6433 16.985
-3.6089 1.6433 16.985
-3.6089 1.6433 16.985
-3.6089 1.6433 16.985
-3.6089 1.6433 16.985
-3.6089 1.6433 16.985
-3.6089 1.6433 16.985
-3.6089 1.6433 16.985
-3.6089 1.6433 16.985
-3.6089 1.6433 16.985
-3.6089 1.6433 16.985
-3.6089 1.6433 16.985
-3.6089 1.6433 16.985
-3.6089 1.6433 16.985
-3.6089 1.6433 16.985
-3.6089 1.6433 16.985
-3.6089 1.6433 16.985
-3.6089 1.6433 16.985
-3.6089 1.6433 16.985
-3.6089 1.6433 16.985
-3.6089 1.6433 16.985
-3.6089 1.6433 16.985
-3.6089 1.6433 16.985
-3.6089 1.6433 16.985
-3.6089 1.6433 16.985
-3.6089 1.6433 16.985
-3.6089 1.6433 16.985
-3.6089 1.6433 16.985
-3.6089 1.6433 16.985
-3.6089 1.6433 16.985
-3.6089 1.6433 16.985
-3.6089 1.6433 16.985
-3.6089 1.6433 16.985
-3.6089 1.6433 16.985
-3.6089 1.6433 16.985
-3.6089 1.6433 16.985
-3.6089 1.6433 16.985
-3.6089 1.6433 16.985
-3.6089 1.6433 16.985
-3.6089 1.6433 16.985
-3.6089 1.6433 16.985
-3.6089 1.6433 16.985
-3.6089 1.6433 16.985
-3.6089 1.6433 16.985
-3.6089 1.6433 16.985
-3.6089 1.6433 16.985
-3.6089 1.6433 16.985
-3.6089 1.6433 16.985
-3.6089 1.6433 16.985
-3.6089 1.6433 16.985
-3.6089 1.6433 16.985
-3.6089 1.6433 16.985
-3.6089 1.6433 16.985
-3.6089 1.6433 16.985
-3.6089 1.6433 16.985
-3.6089 1.6433 16.985
-3.6089 1.6433 16.985
-3.6089 1.6433 16.985
-3.6089 1.6433 16.985
-3.6089 1.6433 16.985
-3.6089 1.6433 16.985
-3.6089 1.6433 16.985
-3.6089 1.6433 16.985
-3.6089 1.6433 16.985
-3.6089 1.6433 16.985
-3.6089 1.6433 16.985
-3.6089 1.6433 16.985
-3.6089 1.6433 16.985
-3.6089 1.6433 16.985
-3.6089 1.6433 16.985
-3.6089 1.6433 16.985
-3.6089 1.6433 16.985
-3.6089 1.6433 16.985
-3.6089 1.6433 16.985
-3.6089 1.6433 16.985
-3.6089 1.6433 16.985
-3.6089 1.6433 16.985
-3.6089 1.6433 16.985
-3.6089 1.6433 16.985
-3.6089 1.6433 16.985
-3.6089 1.6433 16.985
-3.6089 1.6433 16.985
-3.6089 1.6433 16.985
-3.6089 1.6433 16.985
-3.6089 1.6433 16.985
-3.6089 1.6433 16.985
-3.6089 1.6433 16.985
-3.6089 1.6433 16.985
-3.6089 1.6433 16.985
-3.6089 1.6433 16.985
-3.6089 1.6433 16.985
-3.6089 1.6433 16.985
-3.6089 1.6433 16.985
-3.6089 1.6433 16.985
-3.6089 1.6433 16.985
-3.6089 1.6433 16.985
-3.6089 1.6433 16.985
-3.6089 1.6433 16.985
-3.6089 1.6433 16.985
-3.6089 1.6433 16.985
-3.6089 1.6433 16.985
-3.6089 1.6433 16.985
-3.6089 1.6433 16.985
-3.6089 1.6433 16.985
-3.6089 1.6433 16.985
-3.6089 1.6433 16.985
-3.6089 1.6433 16.985
-3.6089 1.6433 16.985
-3.6089 1.6433 16.985
-3.6089 1.6433 16.985
-3.6089 1.6433 16.985
-3.6089 1.6433 16.985
-3.6089 1.6433 16.985
-3.6089 1.6433 16.985
-3.6089 1.6433 16.985
-3.6089 1.6433 16.985
-3.6089 1.6433 16.985
-3.6089 1.6433 16.985
-3.6089 1.6433 16.985
-3.6089 1.6433 16.985
-3.6089 1.6433 16.985
-3.6089 1.6433 16.985
-3.6089 1.6433 16.985
-3.6089 1.6433 16.985
-3.6089 1.6433 16.985
-3.6089 1.6433 16.985
-3.6089 1.6433 16.985
-3.6089 1.6433 16.985
-3.6089 1.6433 16.985
-3.6089 1.6433 16.985
-3.6089 1.6433 16.985
-3.6089 1.6433 16.985
-3.6089 1.6433 16.985
-3.6089 1.6433 16.985
-3.6089 1.6433 16.985
-3.6089 1.6433 16.985
-3.6089 1.6433 16.985
-3.6089 1.6433 16.985
-3.6089 1.6433 16.985
-3.6089 1.6433 16.985
-3.6089 1.6433 16.985
-3.6089 1.6433 16.985
-3.6089 1.6433 16.985
-3.6089 1.6433 16.985
-3.6089 1.6433 16.985
-3.6089 1.6433 16.985
-3.6089 1.6433 16.985
-3.6089 1.6433 16.985
-3.6089 1.6433 16.985
-3.6089 1.6433 16.985
-3.6089 1.6433 16.985
-3.6089 1.6433 16.985
-3.6089 1.6433 16.985
-3.6089 1.6433 16.985
-3.6089 1.6433 16.985
-3.6089 1.6433 16.985
-3.6089 1.6433 16.985
-3.6089 1.6433 16.985
-3.6089 1.6433 16.985
-3.6089 1.6433 16.985
-3.6089 1.6433 16.985
-3.6089 1.6433 16.985
-3.6089 1.6433 16.985
-3.6089 1.6433 16.985
-3.6089 1.6433 16.985
-3.6089 1.6433 16.985
-3.6089 1.6433 16.985
-3.6089 1.6433 16.985
-3.6089 1.6433 16.985
-3.6089 1.6433 16.985
-3.6089 1.6433 16.985
-3.6089 1.6433 16.985
-3.6089 1.6433 16.985
-3.6089 1.6433 16.985
-3.6089 1.6433 16.985
-3.6089 1.6433 16.985
-3.6089 1.6433 16.985
-3.6089 1.6433 16.985
-3.6089 1.6433 16.985
-3.6089 1.6433 16.985
-3.6089 1.6433 16.985
-3.6089 1.6433 16.985
-3.6089 1.6433 16.985
-3.6089 1.6433 16.985
-3.6089 1.6433 16.985
-3.6089 1.6433 16.985
-3.6089 1.6433 16.985
-3.6089 1.6433 16.985
-3.6089 1.6433 16.985
-3.6089 1.6433 16.985
-3.6089 1.6433 16.985
-3.6089 1.6433 16.985
-3.6089 1.6433 16.985
-3.6089 1.6433 16.985
-3.6089 1.6433 16.985
-3.6089 1.6433 16.985
-3.6089 1.6433 16.985
-3.6089 1.6433 16.985
-3.6089 1.6433 16.985
-3.6089 1.6433 16.985
-3.6089 1.6433 16.985
-3.6089 1.6433 16.985
-3.6089 1.6433 16.985
-3.6089 1.6433 16.985
-3.6089 1.6433 16.985
-3.6089 1.6433 16.985
-3.6089 1.6433 16.985
-3.6089 1.6433 16.985
-3.6089 1.6433 16.985
-3.6089 1.6433 16.985
-3.6089 1.6433 16.985
-3.6089 1.6433 16.985
-3.6089 1.6433 16.985
-3.6089 1.6433 16.985
-3.6089 1.6433 16.985
-3.6089 1.6433 16.985
-3.6089 1.6433 16.985
-3.6089 1.6433 16.985
-3.6089 1.6433 16.985
-3.6089 1.6433 16.985
-3.6089 1.6433 16.985
-3.6089 1.6433 16.985
-3.6089 1.6433 16.985
-3.6089 1.6433 16.985
-3.6089 1.6433 16.985
-3.6089 1.6433 16.985
-3.6089 1.6433 16.985
-3.6089 1.6433 16.985
-3.6089 1.6433 16.985
-3.6089 1.6433 16.985
-3.6089 1.6433 16.985
-3.6089 1.6433 16.985
-3.6089 1.6433 16.985
-3.6089 1.6433 16.985
-3.6089 1.6433 16.985
-3.6089 1.6433 16.985
-3.6089 1.6433 16.985
-3.6089 1.6433 16.985
-3.6089 1.6433 16.985
-3.6089 1.6433 16.985
-3.6089 1.6433 16.985
-3.6089 1.6433 16.985
-3.6089 1.6433 16.985
-3.6089 1.6433 16.985
-3.6089 1.6433 16.985
-3.6089 1.6433 16.985
-3.6089 1.6433 16.985
-3.6089 1.6433 16.985
-3.6089 1.6433 16.985
-3.6089 1.6433 16.985
-3.6089 1.6433 16.985
-3.6089 1.6433 16.985
-3.6089 1.6433 16.985
-3.6089 1.6433 16.985
-3.6089 1.6433 16.985
-3.6089 1.6433 16.985
-3.6089 1.6433 16.985
-3.6089 1.6433 16.985
-3.6089 1.6433 16.985
-3.6089 1.6433 16.985
-3.6089 1.6433 16.985
-3.6089 1.6433 16.985
-3.6089 1.6433 16.985
-3.6089 1.6433 16.985
-3.6089 1.6433 16.985
-3.6089 1.6433 16.985
-3.6089 1.6433 16.985
-3.6089 1.6433 16.985
-3.6089 1.6433 16.985
-3.6089 1.6433 16.985
-3.6089 1.6433 16.985
-3.6089 1.6433 16.985
-3.6089 1.6433 16.985
-3.6089 1.6433 16.985
-3.6089 1.6433 16.985
-3.6089 1.6433 16.985
-3.6089 1.6433 16.985
-3.6089 1.6433 16.985
-3.6089 1.6433 16.985
-3.6089 1.6433 16.985
-3.6089 1.6433 16.985
-3.6089 1.6433 16.985
-3.6089 1.6433 16.985
-3.6089 1.6433 16.985
-3.6089 1.6433 16.985
-3.6089 1.6433 16.985
-3.6089 1.6433 16.985
-3.6089 1.6433 16.985
-3.6089 1.6433 16.985
-3.6089 1.6433 16.985
-3.6089 1.6433 16.985
-3.6089 1.6433 16.985
-3.6089 1.6433 16.985
-3.6089 1.6433 16.985
-3.6089 1.6433 16.985
-3.6089 1.6433 16.985
-3.6089 1.6433 16.985
-3.6089 1.6433 16.985
-3.6089 1.6433 16.985
-3.6089 1.6433 16.985
-3.6089 1.6433 16.985
-3.6089 1.6433 16.985
-3.6089 1.6433 16.985
-3.6089 1.6433 16.985
-3.6089 1.6433 16.985
-3.6089 1.6433 16.985
-3.6089 1.6433 16.985
-3.6089 1.6433 16.985
-3.6089 1.6433 16.985
-3.6089 1.6433 16.985
-3.6089 1.6433 16.985
-3.6089 1.6433 16.985
-3.6089 1.6433 16.985
-3.6089 1.6433 16.985
-3.6089 1.6433 16.985
-3.6089 1.6433 16.985
-3.6089 1.6433 16.985
-3.6089 1.6433 16.985
-3.6089 1.6433 16.985
-3.6089 1.6433 16.985
-3.6089 1.6433 16.985
-3.6089 1.6433 16.985
-3.6089 1.6433 16.985
-3.6089 1.6433 16.985
-3.6089 1.6433 16.985
-3.6089 1.6433 16.985
-3.6089 1.6433 16.985
-3.6089 1.6433 16.985
-3.6089 1.6433 16.985
-3.6089 1.6433 16.985
-3.6089 1.6433 16.985
-3.6089 1.6433 16.985
-3.6089 1.6433 16.985
-3.6089 1.6433 16.985
-3.6089 1.6433 16.985
-3.6089 1.6433 16.985
-3.6089 1.6433 16.985
-3.6089 1.6433 16.985
-3.6089 1.6433 16.985
-3.6089 1.6433 16.985
-3.6089 1.6433 16.985
-3.6089 1.6433 16.985
-3.6089 1.6433 16.985
-3.6089 1.6433 16.985
-3.6089 1.6433 16.985
-3.6089 1.6433 16.985
-3.6089 1.6433 16.985
-3.6089 1.6433 16.985
-3.6089 1.6433 16.985
-3.6089 1.6433 16.985
-3.6089 1.6433 16.985
-3.6089 1.6433 16.985
-3.6089 1.6433 16.985
-3.6089 1.6433 16.985
-3.6089 1.6433 16.985
-3.6089 1.6433 16.985
-3.6089 1.6433 16.985
-3.6089 1.6433 16.985
-3.6089 1.6433 16.985
-3.6089 1.6433 16.985
-3.6089 1.6433 16.985
-3.6089 1.6433 16.985
-3.6089 1.6433 16.985
-3.6089 1.6433 16.985
-3.6089 1.6433 16.985
-3.6089 1.6433 16.985
-3.6089 1.6433 16.985
-3.6089 1.6433 16.985
-3.6089 1.6433 16.985
-3.6089 1.6433 16.985
-3.6089 1.6433 16.985
-3.6089 1.6433 16.985
-3.6089 1.6433 16.985
-3.6089 1.6433 16.985
-3.6089 1.6433 16.985
-3.6089 1.6433 16.985
-3.6089 1.6433 16.985
-3.6089 1.6433 16.985
-3.6089 1.6433 16.985
-3.6089 1.6433 16.985
-3.6089 1.6433 16.985
-3.6089 1.6433 16.985
-3.6089 1.6433 16.985
-3.6089 1.6433 16.985
-3.6089 1.6433 16.985
-3.6089 1.6433 16.985
-3.6089 1.6433 16.985
-3.6089 1.6433 16.985
-3.6089 1.6433 16.985
-3.6089 1.6433 16.985
-3.6089 1.6433 16.985
-3.6089 1.6433 16.985
-3.6089 1.6433 16.985
-3.6089 1.6433 16.985
-3.6089 1.6433 16.985
-3.6089 1.6433 16.985
-3.6089 1.6433 16.985
-3.6089 1.6433 16.985
-3.6089 1.6433 16.985
-3.6089 1.6433 16.985
-3.6089 1.6433 16.985
-3.6089 1.6433 16.985
-3.6089 1.6433 16.985
-3.6089 1.6433 16.985
-3.6089 1.6433 16.985
-3.6089 1.6433 16.985
-3.6089 1.6433 16.985
-3.6089 1.6433 16.985
-3.6089 1.6433 16.985
-3.6089 1.6433 16.985
-3.6089 1.6433 16.985
-3.6089 1.6433 16.985
-3.6089 1.6433 16.985
-3.6089 1.6433 16.985
-3.6089 1.6433 16.985
-3.6089 1.6433 16.985
-3.6089 1.6433 16.985
-3.6089 1.6433 16.985
-3.6089 1.6433 16.985
-3.6089 1.6433 16.985
-3.6089 1.6433 16.985
-3.6089 1.6433 16.985
-3.6089 1.6433 16.985
-3.6089 1.6433 16.985
-3.6089 1.6433 16.985
-3.6089 1.6433 16.985
-3.6089 1.6433 16.985
-3.6089 1.6433 16.985
-3.6089 1.6433 16.985
-3.6089 1.6433 16.985
-3.6089 1.6433 16.985
-3.6089 1.6433 16.985
-3.6089 1.6433 16.985
-3.6089 1.6433 16.985
-3.6089 1.6433 16.985
-3.6089 1.6433 16.985
-3.6089 1.6433 16.985
-3.6089 1.6433 16.985
-3.6089 1.6433 16.985
-3.6089 1.6433 16.985
-3.6089 1.6433 16.985
-3.6089 1.6433 16.985
-3.6089 1.6433 16.985
-3.6089 1.6433 16.985
-3.6089 1.6433 16.985
-3.6089 1.6433 16.985
-3.6089 1.6433 16.985
-3.6089 1.6433 16.985
-3.6089 1.6433 16.985
-3.6089 1.6433 16.985
-3.6089 1.6433 16.985
-3.6089 1.6433 16.985
-3.6089 1.6433 16.985
-3.6089 1.6433 16.985
-3.6089 1.6433 16.985
-3.6089 1.6433 16.985
-3.6089 1.6433 16.985
-3.6089 1.6433 16.985
-3.6089 1.6433 16.985
-3.6089 1.6433 16.985
-3.6089 1.6433 16.985
-3.6089 1.6433 16.985
-3.6089 1.6433 16.985
-3.6089 1.6433 16.985
-3.6089 1.6433 16.985
-3.6089 1.6433 16.985
-3.6089 1.6433 16.985
-3.6089 1.6433 16.985
-3.6089 1.6433 16.985
-3.6089 1.6433 16.985
-3.6089 1.6433 16.985
-3.6089 1.6433 16.985
-3.6089 1.6433 16.985
-3.6089 1.6433 16.985
-3.6089 1.6433 16.985
-3.6089 1.6433 16.985
-3.6089 1.6433 16.985
-3.6089 1.6433 16.985
-3.6089 1.6433 16.985
-3.6089 1.6433 16.985
-3.6089 1.6433 16.985
-3.6089 1.6433 16.985
-3.6089 1.6433 16.985
-3.6089 1.6433 16.985
-3.6089 1.6433 16.985
-3.6089 1.6433 16.985
-3.6089 1.6433 16.985
-3.6089 1.6433 16.985
-3.6089 1.6433 16.985
-3.6089 1.6433 16.985
-3.6089 1.6433 16.985
-3.6089 1.6433 16.985
-3.6089 1.6433 16.985
-3.6089 1.6433 16.985
-3.6089 1.6433 16.985
-3.6089 1.6433 16.985
-3.6089 1.6433 16.985
-3.6089 1.6433 16.985
-3.6089 1.6433 16.985
-3.6089 1.6433 16.985
-3.6089 1.6433 16.985
-3.6089 1.6433 16.985
-3.6089 1.6433 16.985
-3.6089 1.6433 16.985
-3.6089 1.6433 16.985
-3.6089 1.6433 16.985
-3.6089 1.6433 16.985
-3.6089 1.6433 16.985
-3.6089 1.6433 16.985
-3.6089 1.6433 16.985
-3.6089 1.6433 16.985
-3.6089 1.6433 16.985
-3.6089 1.6433 16.985
-3.6089 1.6433 16.985
-3.6089 1.6433 16.985
-3.6089 1.6433 16.985
-3.6089 1.6433 16.985
-3.6089 1.6433 16.985
-3.6089 1.6433 16.985
-3.6089 1.6433 16.985
-3.6089 1.6433 16.985
-3.6089 1.6433 16.985
-3.6089 1.6433 16.985
