-1.115 0.1 -6.785
-1.113 0.112 -6.778
-1.111 0.124 -6.771
-1.109 0.136 -6.764
-1.107 0.1479 -6.757
-1.105 0.1599 -6.75
-1.103 0.1718 -6.743
-1.101 0.1838 -6.736
-1.099 0.1957 -6.729
-1.097 0.2076 -6.722
-1.095 0.2195 -6.715
-1.093 0.2314 -6.708
-1.091 0.2433 -6.701
-1.089 0.2552 -6.694
-1.087 0.267 -6.687
-1.085 0.2789 -6.68
-1.083 0.2908 -6.673
-1.081 0.3026 -6.666
-1.079 0.3144 -6.659
-1.077 0.3262 -6.652
-1.075 0.338 -6.645
-1.073 0.3498 -6.638
-1.071 0.3616 -6.631
-1.069 0.3734 -6.624
-1.067 0.3852 -6.617
-1.065 0.3969 -6.61
-1.063 0.4087 -6.603
-1.061 0.4204 -6.596
-1.059 0.4322 -6.589
-1.057 0.4439 -6.582
-1.055 0.4556 -6.575
-1.053 0.4673 -6.568
-1.051 0.479 -6.561
-1.049 0.4907 -6.554
-1.047 0.5023 -6.547
-1.045 0.514 -6.54
-1.043 0.5257 -6.533
-1.041 0.5373 -6.526
-1.039 0.5489 -6.519
-1.037 0.5606 -6.512
-1.035 0.5722 -6.505
-1.033 0.5838 -6.498
-1.031 0.5954 -6.491
-1.029 0.6069 -6.484
-1.027 0.6185 -6.477
-1.025 0.6301 -6.47
-1.023 0.6416 -6.463
-1.021 0.6532 -6.456
-1.019 0.6647 -6.449
-1.017 0.6762 -6.442
-1.015 0.6878 -6.435
-1.013 0.6993 -6.428
-1.011 0.7108 -6.421
-1.009 0.7222 -6.414
-1.007 0.7337 -6.407
-1.005 0.7452 -6.4
-1.003 0.7566 -6.393
-1.001 0.7681 -6.386
-0.999 0.7795 -6.379
-0.997 0.7909 -6.372
-0.995 0.8024 -6.365
-0.993 0.8138 -6.358
-0.991 0.8252 -6.351
-0.989 0.8366 -6.344
-0.987 0.8479 -6.337
-0.985 0.8593 -6.33
-0.983 0.8707 -6.323
-0.981 0.882 -6.316
-0.979 0.8933 -6.309
-0.977 0.9047 -6.302
-0.975 0.916 -6.295
-0.973 0.9273 -6.288
-0.971 0.9386 -6.281
-0.969 0.9499 -6.274
-0.967 0.9612 -6.267
-0.965 0.9724 -6.26
-0.963 0.9837 -6.253
-0.961 0.9949 -6.246
-0.959 1.0062 -6.239
-0.957 1.0174 -6.232
-0.955 1.0286 -6.225
-0.953 1.0398 -6.218
-0.951 1.051 -6.211
-0.949 1.0622 -6.204
-0.947 1.0734 -6.197
-0.945 1.0846 -6.19
-0.943 1.0958 -6.183
-0.941 1.1069 -6.176
-0.939 1.118 -6.169
-0.937 1.1292 -6.162
-0.935 1.1403 -6.155
-0.933 1.1514 -6.148
-0.931 1.1625 -6.141
-0.929 1.1736 -6.134
-0.927 1.1847 -6.127
-0.925 1.1958 -6.12
-0.923 1.2068 -6.113
-0.921 1.2179 -6.106
-0.919 1.2289 -6.099
-0.917 1.24 -6.092
-0.915 1.251 -6.085
-0.913 1.262 -6.078
-0.911 1.273 -6.071
-0.909 1.284 -6.064
-0.907 1.295 -6.057
-0.905 1.306 -6.05
-0.903 1.3169 -6.043
-0.901 1.3279 -6.036
-0.899 1.3388 -6.029
-0.897 1.3498 -6.022
-0.895 1.3607 -6.015
-0.893 1.3716 -6.008
-0.891 1.3825 -6.001
-0.889 1.3934 -5.994
-0.887 1.4043 -5.987
-0.885 1.4152 -5.98
-0.883 1.426 -5.973
-0.881 1.4369 -5.966
-0.879 1.4477 -5.959
-0.877 1.4586 -5.952
-0.875 1.4694 -5.945
-0.873 1.4802 -5.938
-0.871 1.491 -5.931
-0.869 1.5018 -5.924
-0.867 1.5126 -5.917
-0.865 1.5234 -5.91
-0.863 1.5342 -5.903
-0.861 1.5449 -5.896
-0.859 1.5557 -5.889
-0.857 1.5664 -5.882
-0.855 1.5772 -5.875
-0.853 1.5879 -5.868
-0.851 1.5986 -5.861
-0.849 1.6093 -5.854
-0.847 1.62 -5.847
-0.845 1.6307 -5.84
-0.843 1.6413 -5.833
-0.841 1.652 -5.826
-0.839 1.6626 -5.819
-0.837 1.6733 -5.812
-0.835 1.6839 -5.805
-0.833 1.6945 -5.798
-0.831 1.7051 -5.791
-0.829 1.7157 -5.784
-0.827 1.7263 -5.777
-0.825 1.7369 -5.77
-0.823 1.7475 -5.763
-0.821 1.7581 -5.756
-0.819 1.7686 -5.749
-0.817 1.7792 -5.742
-0.815 1.7897 -5.735
-0.813 1.8002 -5.728
-0.811 1.8107 -5.721
-0.809 1.8212 -5.714
-0.807 1.8317 -5.707
-0.805 1.8422 -5.7
-0.803 1.8527 -5.693
-0.801 1.8632 -5.686
-0.799 1.8736 -5.679
-0.797 1.8841 -5.672
-0.795 1.8945 -5.665
-0.793 1.9049 -5.658
-0.791 1.9153 -5.651
-0.789 1.9257 -5.644
-0.787 1.9361 -5.637
-0.785 1.9465 -5.63
-0.783 1.9569 -5.623
-0.781 1.9673 -5.616
-0.779 1.9776 -5.609
-0.777 1.988 -5.602
-0.775 1.9983 -5.595
-0.773 2.0086 -5.588
-0.771 2.0189 -5.581
-0.769 2.0293 -5.574
-0.767 2.0396 -5.567
-0.765 2.0498 -5.56
-0.763 2.0601 -5.553
-0.761 2.0704 -5.546
-0.759 2.0807 -5.539
-0.757 2.0909 -5.532
-0.755 2.1011 -5.525
-0.753 2.1114 -5.518
-0.751 2.1216 -5.511
-0.749 2.1318 -5.504
-0.747 2.142 -5.497
-0.745 2.1522 -5.49
-0.743 2.1624 -5.483
-0.741 2.1725 -5.476
-0.739 2.1827 -5.469
-0.737 2.1929 -5.462
-0.735 2.203 -5.455
-0.733 2.2131 -5.448
-0.731 2.2232 -5.441
-0.729 2.2334 -5.434
-0.727 2.2435 -5.427
-0.725 2.2536 -5.42
-0.723 2.2636 -5.413
-0.721 2.2737 -5.406
-0.719 2.2838 -5.399
-0.717 2.2938 -5.392
-0.715 2.3039 -5.385
-0.713 2.3139 -5.378
-0.711 2.3239 -5.371
-0.709 2.3339 -5.364
-0.707 2.3439 -5.357
-0.705 2.3539 -5.35
-0.703 2.3639 -5.343
-0.701 2.3739 -5.336
-0.699 2.3839 -5.329
-0.697 2.3938 -5.322
-0.695 2.4038 -5.315
-0.693 2.4137 -5.308
-0.691 2.4236 -5.301
-0.689 2.4335 -5.294
-0.687 2.4434 -5.287
-0.685 2.4533 -5.2799
-0.683 2.4632 -5.2729
-0.681 2.4731 -5.2659
-0.679 2.483 -5.2589
-0.677 2.4928 -5.2519
-0.675 2.5027 -5.2449
-0.673 2.5125 -5.2379
-0.671 2.5223 -5.2309
-0.669 2.5322 -5.2239
-0.667 2.542 -5.2169
-0.665 2.5518 -5.2099
-0.663 2.5615 -5.2029
-0.661 2.5713 -5.1959
-0.659 2.5811 -5.1889
-0.657 2.5909 -5.1819
-0.655 2.6006 -5.1749
-0.653 2.6103 -5.1679
-0.651 2.6201 -5.1609
-0.649 2.6298 -5.1539
-0.647 2.6395 -5.1469
-0.645 2.6492 -5.1399
-0.643 2.6589 -5.1329
-0.641 2.6686 -5.1259
-0.639 2.6782 -5.1189
-0.637 2.6879 -5.1119
-0.635 2.6975 -5.1049
-0.633 2.7072 -5.0979
-0.631 2.7168 -5.0909
-0.629 2.7264 -5.0839
-0.627 2.7361 -5.0769
-0.625 2.7457 -5.0699
-0.623 2.7552 -5.0629
-0.621 2.7648 -5.0559
-0.619 2.7744 -5.0489
-0.617 2.784 -5.0419
-0.615 2.7935 -5.0349
-0.613 2.8031 -5.0279
-0.611 2.8126 -5.0209
-0.609 2.8221 -5.0139
-0.607 2.8316 -5.0069
-0.605 2.8411 -4.9999
-0.603 2.8506 -4.9929
-0.601 2.8601 -4.9859
-0.599 2.8696 -4.9789
-0.597 2.879 -4.9719
-0.595 2.8885 -4.9649
-0.593 2.8979 -4.9579
-0.591 2.9074 -4.9509
-0.589 2.9168 -4.9439
-0.587 2.9262 -4.9369
-0.585 2.9356 -4.9299
-0.583 2.945 -4.9229
-0.581 2.9544 -4.9159
-0.579 2.9638 -4.9089
-0.577 2.9732 -4.9019
-0.575 2.9825 -4.8949
-0.573 2.9919 -4.8879
-0.571 3.0012 -4.8809
-0.569 3.0105 -4.8739
-0.567 3.0198 -4.8669
-0.565 3.0291 -4.8599
-0.563 3.0384 -4.8529
-0.561 3.0477 -4.8459
-0.559 3.057 -4.8389
-0.557 3.0663 -4.8319
-0.555 3.0755 -4.8249
-0.553 3.0848 -4.8179
-0.551 3.094 -4.8109
-0.549 3.1033 -4.8039
-0.547 3.1125 -4.7969
-0.545 3.1217 -4.7899
-0.543 3.1309 -4.7829
-0.541 3.1401 -4.7759
-0.539 3.1492 -4.7689
-0.537 3.1584 -4.7619
-0.535 3.1676 -4.7549
-0.533 3.1767 -4.7479
-0.531 3.1859 -4.7409
-0.529 3.195 -4.7339
-0.527 3.2041 -4.7269
-0.525 3.2132 -4.7199
-0.523 3.2223 -4.7129
-0.521 3.2314 -4.7059
-0.519 3.2405 -4.6989
-0.517 3.2496 -4.6919
-0.515 3.2586 -4.6849
-0.513 3.2677 -4.6779
-0.511 3.2767 -4.6709
-0.509 3.2858 -4.6639
-0.507 3.2948 -4.6569
-0.505 3.3038 -4.6499
-0.503 3.3128 -4.6429
-0.501 3.3218 -4.6359
-0.499 3.3308 -4.6289
-0.497 3.3398 -4.6219
-0.495 3.3487 -4.6149
-0.493 3.3577 -4.6079
-0.491 3.3666 -4.6009
-0.489 3.3756 -4.5939
-0.487 3.3845 -4.5869
-0.485 3.3934 -4.5799
-0.483 3.4023 -4.5729
-0.481 3.4112 -4.5659
-0.479 3.4201 -4.5589
-0.477 3.429 -4.5519
-0.475 3.4378 -4.5449
-0.473 3.4467 -4.5379
-0.471 3.4555 -4.5309
-0.469 3.4644 -4.5239
-0.467 3.4732 -4.5169
-0.465 3.482 -4.5099
-0.463 3.4908 -4.5029
-0.461 3.4996 -4.4959
-0.459 3.5084 -4.4889
-0.457 3.5172 -4.4819
-0.455 3.5259 -4.4749
-0.453 3.5347 -4.4679
-0.451 3.5434 -4.4609
-0.449 3.5522 -4.4539
-0.447 3.5609 -4.4469
-0.445 3.5696 -4.4399
-0.443 3.5783 -4.4329
-0.441 3.587 -4.4259
-0.439 3.5957 -4.4189
-0.437 3.6044 -4.4119
-0.435 3.6131 -4.4049
-0.433 3.6217 -4.3979
-0.431 3.6304 -4.3909
-0.429 3.639 -4.3839
-0.427 3.6477 -4.3769
-0.425 3.6563 -4.3699
-0.423 3.6649 -4.3629
-0.421 3.6735 -4.3559
-0.419 3.6821 -4.3489
-0.417 3.6907 -4.3419
-0.415 3.6992 -4.3349
-0.413 3.7078 -4.3279
-0.411 3.7164 -4.3209
-0.409 3.7249 -4.3139
-0.407 3.7334 -4.3069
-0.405 3.7419 -4.2999
-0.403 3.7505 -4.2929
-0.401 3.759 -4.2859
-0.399 3.7675 -4.2789
-0.397 3.7759 -4.2719
-0.395 3.7844 -4.2649
-0.393 3.7929 -4.2579
-0.391 3.8013 -4.2509
-0.389 3.8098 -4.2439
-0.387 3.8182 -4.2369
-0.385 3.8266 -4.2299
-0.383 3.835 -4.2229
-0.381 3.8435 -4.2159
-0.379 3.8518 -4.2089
-0.377 3.8602 -4.2019
-0.375 3.8686 -4.1949
-0.373 3.877 -4.1879
-0.371 3.8853 -4.1809
-0.369 3.8937 -4.1739
-0.367 3.902 -4.1669
-0.365 3.9103 -4.1599
-0.363 3.9187 -4.1529
-0.361 3.927 -4.1459
-0.359 3.9353 -4.1389
-0.357 3.9435 -4.1319
-0.355 3.9518 -4.1249
-0.353 3.9601 -4.1179
-0.351 3.9683 -4.1109
-0.349 3.9766 -4.1039
-0.347 3.9848 -4.0969
-0.345 3.9931 -4.0899
-0.343 4.0013 -4.0829
-0.341 4.0095 -4.0759
-0.339 4.0177 -4.0689
-0.337 4.0259 -4.0619
-0.335 4.0341 -4.0549
-0.333 4.0422 -4.0479
-0.331 4.0504 -4.0409
-0.329 4.0585 -4.0339
-0.327 4.0667 -4.0269
-0.325 4.0748 -4.0199
-0.323 4.0829 -4.0129
-0.321 4.091 -4.0059
-0.319 4.0991 -3.9989
-0.317 4.1072 -3.9919
-0.315 4.1153 -3.9849
-0.313 4.1234 -3.9779
-0.311 4.1314 -3.9709
-0.309 4.1395 -3.9639
-0.307 4.1475 -3.9569
-0.305 4.1556 -3.9499
-0.303 4.1636 -3.9429
-0.301 4.1716 -3.9359
-0.299 4.1796 -3.9289
-0.297 4.1876 -3.9219
-0.295 4.1956 -3.9149
-0.293 4.2036 -3.9079
-0.291 4.2115 -3.9009
-0.289 4.2195 -3.8939
-0.287 4.2274 -3.8869
-0.285 4.2353 -3.8799
-0.283 4.2433 -3.8729
-0.281 4.2512 -3.8659
-0.279 4.2591 -3.8589
-0.277 4.267 -3.8519
-0.275 4.2749 -3.8449
-0.273 4.2827 -3.8379
-0.271 4.2906 -3.8309
-0.269 4.2985 -3.8239
-0.267 4.3063 -3.8169
-0.265 4.3141 -3.8099
-0.263 4.322 -3.8029
-0.261 4.3298 -3.7959
-0.259 4.3376 -3.7889
-0.257 4.3454 -3.7819
-0.255 4.3532 -3.7749
-0.253 4.361 -3.7679
-0.251 4.3687 -3.7609
-0.249 4.3765 -3.7539
-0.247 4.3842 -3.7469
-0.245 4.392 -3.7399
-0.243 4.3997 -3.7329
-0.241 4.4074 -3.7259
-0.239 4.4151 -3.7189
-0.237 4.4228 -3.7119
-0.235 4.4305 -3.7049
-0.233 4.4382 -3.6979
-0.231 4.4459 -3.6909
-0.229 4.4535 -3.6839
-0.227 4.4612 -3.6769
-0.225 4.4688 -3.6699
-0.223 4.4764 -3.6629
-0.221 4.4841 -3.6559
-0.219 4.4917 -3.6489
-0.217 4.4993 -3.6419
-0.215 4.5069 -3.6349
-0.213 4.5144 -3.6279
-0.211 4.522 -3.6209
-0.209 4.5296 -3.6139
-0.207 4.5371 -3.6069
-0.205 4.5447 -3.5999
-0.203 4.5522 -3.5929
-0.201 4.5597 -3.5859
-0.199 4.5672 -3.5789
-0.197 4.5747 -3.5719
-0.195 4.5822 -3.5649
-0.193 4.5897 -3.5579
-0.191 4.5972 -3.5509
-0.189 4.6046 -3.5439
-0.187 4.6121 -3.5369
-0.185 4.6195 -3.5299
-0.183 4.627 -3.5229
-0.181 4.6344 -3.5159
-0.179 4.6418 -3.5089
-0.177 4.6492 -3.5019
-0.175 4.6566 -3.4949
-0.173 4.664 -3.4879
-0.171 4.6714 -3.4809
-0.169 4.6787 -3.4739
-0.167 4.6861 -3.4669
-0.165 4.6934 -3.4599
-0.163 4.7008 -3.4529
-0.161 4.7081 -3.4459
-0.159 4.7154 -3.4389
-0.157 4.7227 -3.4319
-0.155 4.73 -3.4249
-0.153 4.7373 -3.4179
-0.151 4.7446 -3.4109
-0.149 4.7518 -3.4039
-0.147 4.7591 -3.3969
-0.145 4.7663 -3.3899
-0.143 4.7736 -3.3829
-0.141 4.7808 -3.3759
-0.139 4.788 -3.3689
-0.137 4.7952 -3.3619
-0.135 4.8024 -3.3549
-0.133 4.8096 -3.3479
-0.131 4.8168 -3.3409
-0.129 4.824 -3.3339
-0.127 4.8311 -3.3269
-0.125 4.8383 -3.3199
-0.123 4.8454 -3.3129
-0.121 4.8525 -3.3059
-0.119 4.8597 -3.2989
-0.117 4.8668 -3.2919
-0.115 4.8739 -3.2849
-0.113 4.881 -3.2779
-0.111 4.888 -3.2709
-0.109 4.8951 -3.2639
-0.107 4.9022 -3.2569
-0.105 4.9092 -3.2499
-0.103 4.9163 -3.2429
-0.101 4.9233 -3.2359
-0.099 4.9303 -3.2289
-0.097 4.9373 -3.2219
-0.095 4.9443 -3.2149
-0.093 4.9513 -3.2079
-0.091 4.9583 -3.2009
-0.089 4.9653 -3.1939
-0.087 4.9722 -3.1869
-0.085 4.9792 -3.1799
-0.083 4.9861 -3.1729
-0.081 4.9931 -3.1659
-0.079 5 -3.1589
-0.077 5.0069 -3.1519
-0.075 5.0138 -3.1449
-0.073 5.0207 -3.1379
-0.071 5.0276 -3.1309
-0.069 5.0345 -3.1239
-0.067 5.0413 -3.1169
-0.065 5.0482 -3.1099
-0.063 5.055 -3.1029
-0.061 5.0619 -3.0959
-0.059 5.0687 -3.0889
-0.057 5.0755 -3.0819
-0.055 5.0823 -3.0749
-0.053 5.0891 -3.0679
-0.051 5.0959 -3.0609
-0.049 5.1027 -3.0539
-0.047 5.1094 -3.0469
-0.045 5.1162 -3.0399
-0.043 5.1229 -3.0329
-0.041 5.1297 -3.0259
-0.039 5.1364 -3.0189
-0.037 5.1431 -3.0119
-0.035 5.1498 -3.0049
-0.033 5.1565 -2.9979
-0.031 5.1632 -2.9909
-0.029 5.1699 -2.9839
-0.027 5.1766 -2.9769
-0.025 5.1832 -2.9699
-0.023 5.1899 -2.9629
-0.021 5.1965 -2.9559
-0.019 5.2031 -2.9489
-0.017 5.2097 -2.9419
-0.015 5.2164 -2.9349
-0.013 5.223 -2.9279
-0.011 5.2295 -2.9209
-0.009 5.2361 -2.9139
-0.007 5.2427 -2.9069
-0.005 5.2493 -2.8999
-0.003 5.2558 -2.8929
-0.001 5.2624 -2.8859
0.001 5.2689 -2.8789
0.003 5.2754 -2.8719
0.005 5.2819 -2.8649
0.007 5.2884 -2.8579
0.009 5.2949 -2.8509
0.011 5.3014 -2.8439
0.013 5.3079 -2.8369
0.015 5.3143 -2.8299
0.017 5.3208 -2.8229
0.019 5.3272 -2.8159
0.021 5.3337 -2.8089
0.023 5.3401 -2.8019
0.025 5.3465 -2.7949
0.027 5.3529 -2.7879
0.029 5.3593 -2.7809
0.031 5.3657 -2.7739
0.033 5.372 -2.7669
0.035 5.3784 -2.7599
0.037 5.3848 -2.7529
0.039 5.3911 -2.7459
0.041 5.3974 -2.7389
0.043 5.4038 -2.7319
0.045 5.4101 -2.7249
0.047 5.4164 -2.7179
0.049 5.4227 -2.7109
0.051 5.429 -2.7039
0.053 5.4352 -2.6969
0.055 5.4415 -2.6899
0.057 5.4478 -2.6829
0.059 5.454 -2.6759
0.061 5.4602 -2.6689
0.063 5.4665 -2.6619
0.065 5.4727 -2.6549
0.067 5.4789 -2.6479
0.069 5.4851 -2.6409
0.071 5.4913 -2.6339
0.073 5.4975 -2.6269
0.075 5.5036 -2.6199
0.077 5.5098 -2.6129
0.079 5.5159 -2.6059
0.081 5.5221 -2.5989
0.083 5.5282 -2.5919
0.085 5.5343 -2.5849
0.087 5.5404 -2.5779
0.089 5.5465 -2.5709
0.091 5.5526 -2.5639
0.093 5.5587 -2.5569
0.095 5.5648 -2.5499
0.097 5.5708 -2.5429
0.099 5.5769 -2.5359
0.101 5.5829 -2.5289
0.103 5.589 -2.5219
0.105 5.595 -2.5149
0.107 5.601 -2.5079
0.109 5.607 -2.5009
0.111 5.613 -2.4939
0.113 5.619 -2.4869
0.115 5.6249 -2.4799
0.117 5.6309 -2.4729
0.119 5.6368 -2.4659
0.121 5.6428 -2.4589
0.123 5.6487 -2.4519
0.125 5.6546 -2.4449
0.127 5.6606 -2.4379
0.129 5.6665 -2.4309
0.131 5.6723 -2.4239
0.133 5.6782 -2.4169
0.135 5.6841 -2.4099
0.137 5.69 -2.4029
0.139 5.6958 -2.3959
0.141 5.7017 -2.3889
0.143 5.7075 -2.3819
0.145 5.7133 -2.3749
0.147 5.7191 -2.3679
0.149 5.7249 -2.3609
0.151 5.7307 -2.3539
0.153 5.7365 -2.3469
0.155 5.7423 -2.3399
0.157 5.7481 -2.3329
0.159 5.7538 -2.3259
0.161 5.7596 -2.3189
0.163 5.7653 -2.3119
0.165 5.771 -2.3049
0.167 5.7768 -2.2979
0.169 5.7825 -2.2909
0.171 5.7882 -2.2838
0.173 5.7938 -2.2768
0.175 5.7995 -2.2698
0.177 5.8052 -2.2628
0.179 5.8108 -2.2558
0.181 5.8165 -2.2488
0.183 5.8221 -2.2418
0.185 5.8278 -2.2348
0.187 5.8334 -2.2278
0.189 5.839 -2.2208
0.191 5.8446 -2.2138
0.193 5.8502 -2.2068
0.195 5.8558 -2.1998
0.197 5.8613 -2.1928
0.199 5.8669 -2.1858
0.201 5.8724 -2.1788
0.203 5.878 -2.1718
0.205 5.8835 -2.1648
0.207 5.889 -2.1578
0.209 5.8945 -2.1508
0.211 5.9 -2.1438
0.213 5.9055 -2.1368
0.215 5.911 -2.1298
0.217 5.9165 -2.1228
0.219 5.9219 -2.1158
0.221 5.9274 -2.1088
0.223 5.9328 -2.1018
0.225 5.9383 -2.0948
0.227 5.9437 -2.0878
0.229 5.9491 -2.0808
0.231 5.9545 -2.0738
0.233 5.9599 -2.0668
0.235 5.9653 -2.0598
0.237 5.9707 -2.0528
0.239 5.976 -2.0458
0.241 5.9814 -2.0388
0.243 5.9867 -2.0318
0.245 5.992 -2.0248
0.247 5.9974 -2.0178
0.249 6.0027 -2.0108
0.251 6.008 -2.0038
0.253 6.0133 -1.9968
0.255 6.0186 -1.9898
0.257 6.0238 -1.9828
0.259 6.0291 -1.9758
0.261 6.0344 -1.9688
0.263 6.0396 -1.9618
0.265 6.0448 -1.9548
0.267 6.0501 -1.9478
0.269 6.0553 -1.9408
0.271 6.0605 -1.9338
0.273 6.0657 -1.9268
0.275 6.0709 -1.9198
0.277 6.0761 -1.9128
0.279 6.0812 -1.9058
0.281 6.0864 -1.8988
0.283 6.0915 -1.8918
0.285 6.0967 -1.8848
0.287 6.1018 -1.8778
0.289 6.1069 -1.8708
0.291 6.112 -1.8638
0.293 6.1171 -1.8568
0.295 6.1222 -1.8498
0.297 6.1273 -1.8428
0.299 6.1324 -1.8358
0.301 6.1374 -1.8288
0.303 6.1425 -1.8218
0.305 6.1475 -1.8148
0.307 6.1525 -1.8078
0.309 6.1576 -1.8008
0.311 6.1626 -1.7938
0.313 6.1676 -1.7868
0.315 6.1726 -1.7798
0.317 6.1775 -1.7728
0.319 6.1825 -1.7658
0.321 6.1875 -1.7588
0.323 6.1924 -1.7518
0.325 6.1974 -1.7448
0.327 6.2023 -1.7378
0.329 6.2072 -1.7308
0.331 6.2121 -1.7238
0.333 6.217 -1.7168
0.335 6.2219 -1.7098
0.337 6.2268 -1.7028
0.339 6.2317 -1.6958
0.341 6.2365 -1.6888
0.343 6.2414 -1.6818
0.345 6.2462 -1.6748
0.347 6.2511 -1.6678
0.349 6.2559 -1.6608
0.351 6.2607 -1.6538
0.353 6.2655 -1.6468
0.355 6.2703 -1.6398
0.357 6.2751 -1.6328
0.359 6.2799 -1.6258
0.361 6.2846 -1.6188
0.363 6.2894 -1.6118
0.365 6.2941 -1.6048
0.367 6.2989 -1.5978
0.369 6.3036 -1.5908
0.371 6.3083 -1.5838
0.373 6.313 -1.5768
0.375 6.3177 -1.5698
0.377 6.3224 -1.5628
0.379 6.3271 -1.5558
0.381 6.3317 -1.5488
0.383 6.3364 -1.5418
0.3851 6.3411 -1.5348
0.3871 6.3457 -1.5278
0.3891 6.3503 -1.5208
0.3911 6.3549 -1.5138
0.3931 6.3595 -1.5068
0.3951 6.3641 -1.4998
0.3971 6.3687 -1.4928
0.3991 6.3733 -1.4858
0.4011 6.3779 -1.4788
0.4031 6.3824 -1.4718
0.4051 6.387 -1.4648
0.4071 6.3915 -1.4578
0.4091 6.3961 -1.4508
0.4111 6.4006 -1.4438
0.4131 6.4051 -1.4368
0.4151 6.4096 -1.4298
0.4171 6.4141 -1.4228
0.4191 6.4186 -1.4158
0.4211 6.423 -1.4088
0.4231 6.4275 -1.4018
0.4251 6.4319 -1.3948
0.4271 6.4364 -1.3878
0.4291 6.4408 -1.3808
0.4311 6.4452 -1.3738
0.4331 6.4496 -1.3668
0.4351 6.454 -1.3598
0.4371 6.4584 -1.3528
0.4391 6.4628 -1.3458
0.4411 6.4672 -1.3388
0.4431 6.4716 -1.3318
0.4451 6.4759 -1.3248
0.4471 6.4803 -1.3178
0.4491 6.4846 -1.3108
0.4511 6.4889 -1.3038
0.4531 6.4932 -1.2968
0.4551 6.4975 -1.2898
0.4571 6.5018 -1.2828
0.4591 6.5061 -1.2758
0.4611 6.5104 -1.2688
0.4631 6.5146 -1.2618
0.4651 6.5189 -1.2548
0.4671 6.5231 -1.2478
0.4691 6.5274 -1.2408
0.4711 6.5316 -1.2338
0.4731 6.5358 -1.2268
0.4751 6.54 -1.2198
0.4771 6.5442 -1.2128
0.4791 6.5484 -1.2058
0.4811 6.5526 -1.1988
0.4831 6.5568 -1.1918
0.4851 6.5609 -1.1848
0.4871 6.5651 -1.1778
0.4891 6.5692 -1.1708
0.4911 6.5733 -1.1638
0.4931 6.5774 -1.1568
0.4951 6.5815 -1.1498
0.4971 6.5856 -1.1428
0.4991 6.5897 -1.1358
0.5011 6.5938 -1.1288
0.5031 6.5979 -1.1218
0.5051 6.6019 -1.1148
0.5071 6.606 -1.1078
0.5091 6.61 -1.1008
0.5111 6.6141 -1.0938
0.5131 6.6181 -1.0868
0.5151 6.6221 -1.0798
0.5171 6.6261 -1.0728
0.5191 6.6301 -1.0658
0.5211 6.6341 -1.0588
0.5231 6.638 -1.0518
0.5251 6.642 -1.0448
0.5271 6.6459 -1.0378
0.5291 6.6499 -1.0308
0.5311 6.6538 -1.0238
0.5331 6.6577 -1.0168
0.5351 6.6616 -1.0098
0.5371 6.6655 -1.0028
0.5391 6.6694 -0.9958
0.5411 6.6733 -0.9888
0.5431 6.6772 -0.9818
0.5451 6.6811 -0.9748
0.5471 6.6849 -0.9678
0.5491 6.6887 -0.9608
0.5511 6.6926 -0.9538
0.5531 6.6964 -0.9468
0.5551 6.7002 -0.9398
0.5571 6.704 -0.9328
0.5591 6.7078 -0.9258
0.5611 6.7116 -0.9188
0.5631 6.7154 -0.9118
0.5651 6.7191 -0.9048
0.5671 6.7229 -0.8978
0.5691 6.7266 -0.8908
0.5711 6.7304 -0.8838
0.5731 6.7341 -0.8768
0.5751 6.7378 -0.8698
0.5771 6.7415 -0.8628
0.5791 6.7452 -0.8558
0.5811 6.7489 -0.8488
0.5831 6.7526 -0.8418
0.5851 6.7562 -0.8348
0.5871 6.7599 -0.8278
0.5891 6.7635 -0.8208
0.5911 6.7672 -0.8138
0.5931 6.7708 -0.8068
0.5951 6.7744 -0.7998
0.5971 6.778 -0.7928
0.5991 6.7816 -0.7858
0.6011 6.7852 -0.7788
0.6031 6.7888 -0.7718
0.6051 6.7924 -0.7648
0.6071 6.7959 -0.7578
0.6091 6.7995 -0.7508
0.6111 6.803 -0.7438
0.6131 6.8065 -0.7368
0.6151 6.8101 -0.7298
0.6171 6.8136 -0.7228
0.6191 6.8171 -0.7158
0.6211 6.8206 -0.7088
0.6231 6.824 -0.7018
0.6251 6.8275 -0.6948
0.6271 6.831 -0.6878
0.6291 6.8344 -0.6808
0.6311 6.8379 -0.6738
0.6331 6.8413 -0.6668
0.6351 6.8447 -0.6598
0.6371 6.8481 -0.6528
0.6391 6.8515 -0.6458
0.6411 6.8549 -0.6388
0.6431 6.8583 -0.6318
0.6451 6.8617 -0.6248
0.6471 6.865 -0.6178
0.6491 6.8684 -0.6108
0.6511 6.8717 -0.6038
0.6531 6.8751 -0.5968
0.6551 6.8784 -0.5898
0.6571 6.8817 -0.5828
0.6591 6.885 -0.5758
0.6611 6.8883 -0.5688
0.6631 6.8916 -0.5618
0.6651 6.8948 -0.5548
0.6671 6.8981 -0.5478
0.6691 6.9014 -0.5408
0.6711 6.9046 -0.5338
0.6731 6.9078 -0.5268
0.6751 6.9111 -0.5198
0.6771 6.9143 -0.5128
0.6791 6.9175 -0.5058
0.6811 6.9207 -0.4988
0.6831 6.9239 -0.4918
0.6851 6.927 -0.4848
0.6871 6.9302 -0.4778
0.6891 6.9334 -0.4708
0.6911 6.9365 -0.4638
0.6931 6.9396 -0.4568
0.6951 6.9428 -0.4498
0.6971 6.9459 -0.4428
0.6991 6.949 -0.4358
0.7011 6.9521 -0.4288
0.7031 6.9552 -0.4218
0.7051 6.9583 -0.4148
0.7071 6.9613 -0.4078
0.7091 6.9644 -0.4008
0.7111 6.9674 -0.3938
0.7131 6.9705 -0.3868
0.7151 6.9735 -0.3798
0.7171 6.9765 -0.3728
0.7191 6.9795 -0.3658
0.7211 6.9825 -0.3588
0.7231 6.9855 -0.3518
0.7251 6.9885 -0.3448
0.7271 6.9915 -0.3378
0.7291 6.9944 -0.3308
0.7311 6.9974 -0.3238
0.7331 7.0003 -0.3168
0.7351 7.0032 -0.3098
0.7371 7.0062 -0.3028
0.7391 7.0091 -0.2958
0.7411 7.012 -0.2888
0.7431 7.0149 -0.2818
0.7451 7.0178 -0.2748
0.7471 7.0206 -0.2678
0.7491 7.0235 -0.2608
0.7511 7.0263 -0.2538
0.7531 7.0292 -0.2468
0.7551 7.032 -0.2398
0.7571 7.0348 -0.2328
0.7591 7.0376 -0.2258
0.7611 7.0405 -0.2188
0.7631 7.0432 -0.2118
0.7651 7.046 -0.2048
0.7671 7.0488 -0.1978
0.7691 7.0516 -0.1908
0.7711 7.0543 -0.1838
0.7731 7.0571 -0.1768
0.7751 7.0598 -0.1698
0.7771 7.0625 -0.1628
0.7791 7.0652 -0.1558
0.7811 7.0679 -0.1488
0.7831 7.0706 -0.1418
0.7851 7.0733 -0.1348
0.7871 7.076 -0.1278
0.7891 7.0787 -0.1208
0.7911 7.0813 -0.1138
0.7931 7.084 -0.1068
0.7951 7.0866 -0.0998
0.7971 7.0892 -0.0928
0.7991 7.0918 -0.0858
0.8011 7.0945 -0.0788
0.8031 7.097 -0.0718
0.8051 7.0996 -0.0648
0.8071 7.1022 -0.0578
0.8091 7.1048 -0.0508
0.8111 7.1073 -0.0438
0.8131 7.1099 -0.0368
0.8151 7.1124 -0.0298
0.8171 7.115 -0.0228
0.8191 7.1175 -0.0158
0.8211 7.12 -0.0088
0.8231 7.1225 -0.0018
0.8251 7.125 0.0052
0.8271 7.1274 0.0122
0.8291 7.1299 0.0192
0.8311 7.1324 0.0262
0.8331 7.1348 0.0332
0.8351 7.1373 0.0402
0.8371 7.1397 0.0472
0.8391 7.1421 0.0542
0.8411 7.1445 0.0612
0.8431 7.1469 0.0682
0.8451 7.1493 0.0752
0.8471 7.1517 0.0822
0.8491 7.1541 0.0892
0.8511 7.1564 0.0962
0.8531 7.1588 0.1032
0.8551 7.1611 0.1102
0.8571 7.1635 0.1172
0.8591 7.1658 0.1242
0.8611 7.1681 0.1312
0.8631 7.1704 0.1382
0.8651 7.1727 0.1452
0.8671 7.175 0.1522
0.8691 7.1772 0.1592
0.8711 7.1795 0.1662
0.8731 7.1818 0.1732
0.8751 7.184 0.1802
0.8771 7.1862 0.1872
0.8791 7.1885 0.1942
0.8811 7.1907 0.2012
0.8831 7.1929 0.2082
0.8851 7.1951 0.2152
0.8871 7.1973 0.2222
0.8891 7.1994 0.2292
0.8911 7.2016 0.2362
0.8931 7.2038 0.2432
0.8951 7.2059 0.2502
0.8971 7.208 0.2572
0.8991 7.2102 0.2642
0.9011 7.2123 0.2712
0.9031 7.2144 0.2782
0.9051 7.2165 0.2852
0.9071 7.2186 0.2922
0.9091 7.2206 0.2992
0.9111 7.2227 0.3062
0.9131 7.2248 0.3132
0.9151 7.2268 0.3202
0.9171 7.2289 0.3272
0.9191 7.2309 0.3342
0.9211 7.2329 0.3412
0.9231 7.2349 0.3482
0.9251 7.2369 0.3552
0.9271 7.2389 0.3622
0.9291 7.2409 0.3692
0.9311 7.2428 0.3762
0.9331 7.2448 0.3832
0.9351 7.2468 0.3902
0.9371 7.2487 0.3972
0.9391 7.2506 0.4042
0.9411 7.2525 0.4112
0.9431 7.2545 0.4182
0.9451 7.2564 0.4252
0.9471 7.2582 0.4322
0.9491 7.2601 0.4392
0.9511 7.262 0.4462
0.9531 7.2639 0.4532
0.9551 7.2657 0.4602
0.9571 7.2675 0.4672
0.9591 7.2694 0.4742
0.9611 7.2712 0.4812
0.9631 7.273 0.4882
0.9651 7.2748 0.4952
0.9671 7.2766 0.5022
0.9691 7.2784 0.5092
0.9711 7.2802 0.5162
0.9731 7.2819 0.5232
0.9751 7.2837 0.5302
0.9771 7.2854 0.5372
0.9791 7.2872 0.5442
0.9811 7.2889 0.5512
0.9831 7.2906 0.5582
0.9851 7.2923 0.5652
0.9871 7.294 0.5722
0.9891 7.2957 0.5792
0.9911 7.2974 0.5862
0.9931 7.299 0.5932
0.9951 7.3007 0.6002
0.9971 7.3023 0.6072
0.9991 7.304 0.6142
1.0011 7.3056 0.6212
1.0031 7.3072 0.6282
1.0051 7.3088 0.6352
1.0071 7.3104 0.6422
1.0091 7.312 0.6492
1.0111 7.3136 0.6562
1.0131 7.3151 0.6632
1.0151 7.3167 0.6702
1.0171 7.3182 0.6772
1.0191 7.3198 0.6842
1.0211 7.3213 0.6912
1.0231 7.3228 0.6982
1.0251 7.3243 0.7052
1.0271 7.3258 0.7122
1.0291 7.3273 0.7193
1.0311 7.3288 0.7263
1.0331 7.3303 0.7333
1.0351 7.3317 0.7403
1.0371 7.3332 0.7473
1.0391 7.3346 0.7543
1.0411 7.336 0.7613
1.0431 7.3374 0.7683
1.0451 7.3389 0.7753
1.0471 7.3403 0.7823
1.0491 7.3416 0.7893
1.0511 7.343 0.7963
1.0531 7.3444 0.8033
1.0551 7.3458 0.8103
1.0571 7.3471 0.8173
1.0591 7.3485 0.8243
1.0611 7.3498 0.8313
1.0631 7.3511 0.8383
1.0651 7.3524 0.8453
1.0671 7.3537 0.8523
1.0691 7.355 0.8593
1.0711 7.3563 0.8663
1.0731 7.3576 0.8733
1.0751 7.3588 0.8803
1.0771 7.3601 0.8873
1.0791 7.3613 0.8943
1.0811 7.3626 0.9013
1.0831 7.3638 0.9083
1.0851 7.365 0.9153
1.0871 7.3662 0.9223
1.0891 7.3674 0.9293
1.0911 7.3686 0.9363
1.0931 7.3698 0.9433
1.0951 7.3709 0.9503
1.0971 7.3721 0.9573
1.0991 7.3732 0.9643
1.1011 7.3743 0.9713
1.1031 7.3755 0.9783
1.1051 7.3766 0.9853
1.1071 7.3777 0.9923
1.1091 7.3788 0.9993
1.1111 7.3799 1.0063
1.1131 7.381 1.0133
1.1151 7.382 1.0203
1.1171 7.3831 1.0273
1.1191 7.3841 1.0343
1.1211 7.3852 1.0413
1.1231 7.3862 1.0483
1.1251 7.3872 1.0553
1.1271 7.3882 1.0623
1.1291 7.3892 1.0693
1.1311 7.3902 1.0763
1.1331 7.3912 1.0833
1.1351 7.3921 1.0903
1.1371 7.3931 1.0973
1.1391 7.3941 1.1043
1.1411 7.395 1.1113
1.1431 7.3959 1.1183
1.1451 7.3968 1.1253
1.1471 7.3977 1.1323
1.1491 7.3986 1.1393
1.1511 7.3995 1.1463
1.1531 7.4004 1.1533
1.1551 7.4013 1.1603
1.1571 7.4021 1.1673
1.1591 7.403 1.1743
1.1611 7.4038 1.1813
1.1631 7.4047 1.1883
1.1651 7.4055 1.1953
1.1671 7.4063 1.2023
1.1691 7.4071 1.2093
1.1711 7.4079 1.2163
1.1731 7.4087 1.2233
1.1751 7.4095 1.2303
1.1771 7.4102 1.2373
1.1791 7.411 1.2443
1.1811 7.4117 1.2513
1.1831 7.4124 1.2583
1.1851 7.4132 1.2653
1.1871 7.4139 1.2723
1.1891 7.4146 1.2793
1.1911 7.4153 1.2863
1.1931 7.416 1.2933
1.1951 7.4166 1.3003
1.1971 7.4173 1.3073
1.1991 7.418 1.3143
1.2011 7.4186 1.3213
1.2031 7.4192 1.3283
1.2051 7.4199 1.3353
1.2071 7.4205 1.3423
1.2091 7.4211 1.3493
1.2111 7.4217 1.3563
1.2131 7.4223 1.3633
1.2151 7.4228 1.3703
1.2171 7.4234 1.3773
1.2191 7.424 1.3843
1.2211 7.4245 1.3913
1.2231 7.425 1.3983
1.2251 7.4256 1.4053
1.2271 7.4261 1.4123
1.2291 7.4266 1.4193
1.2311 7.4271 1.4263
1.2331 7.4276 1.4333
1.2351 7.4281 1.4403
1.2371 7.4285 1.4473
1.2391 7.429 1.4543
1.2411 7.4294 1.4613
1.2431 7.4299 1.4683
1.2451 7.4303 1.4753
1.2471 7.4307 1.4823
1.2491 7.4311 1.4893
1.2511 7.4315 1.4963
1.2531 7.4319 1.5033
1.2551 7.4323 1.5103
1.2571 7.4327 1.5173
1.2591 7.433 1.5243
1.2611 7.4334 1.5313
1.2631 7.4337 1.5383
1.2651 7.434 1.5453
1.2671 7.4344 1.5523
1.2691 7.4347 1.5593
1.2711 7.435 1.5663
1.2731 7.4353 1.5733
1.2751 7.4355 1.5803
1.2771 7.4358 1.5873
1.2791 7.4361 1.5943
1.2811 7.4363 1.6013
1.2831 7.4366 1.6083
1.2851 7.4368 1.6153
1.2871 7.437 1.6223
1.2891 7.4372 1.6293
1.2911 7.4374 1.6363
1.2931 7.4376 1.6433
1.2951 7.4378 1.6503
1.2971 7.438 1.6573
1.2991 7.4382 1.6643
1.3011 7.4383 1.6713
1.3031 7.4385 1.6783
1.3051 7.4386 1.6853
1.3071 7.4387 1.6923
1.3091 7.4388 1.6993
1.3111 7.4389 1.7063
1.3131 7.439 1.7133
1.3151 7.4391 1.7203
1.3171 7.4392 1.7273
1.3191 7.4393 1.7343
1.3211 7.4393 1.7413
1.3231 7.4394 1.7483
1.3251 7.4394 1.7553
1.3271 7.4394 1.7623
1.3291 7.4394 1.7693
1.3311 7.4394 1.7763
1.3331 7.4394 1.7833
1.3351 7.4394 1.7903
1.3371 7.4394 1.7973
1.3391 7.4394 1.8043
1.3411 7.4393 1.8113
1.3431 7.4393 1.8183
1.3451 7.4392 1.8253
1.3471 7.4392 1.8323
1.3491 7.4391 1.8393
1.3511 7.439 1.8463
1.3531 7.4389 1.8533
1.3551 7.4388 1.8603
1.3571 7.4386 1.8673
1.3591 7.4385 1.8743
1.3611 7.4384 1.8813
1.3631 7.4382 1.8883
1.3651 7.4381 1.8953
1.3671 7.4379 1.9023
1.3691 7.4377 1.9093
1.3711 7.4375 1.9163
1.3731 7.4373 1.9233
1.3751 7.4371 1.9303
1.3771 7.4369 1.9373
1.3791 7.4367 1.9443
1.3811 7.4364 1.9513
1.3831 7.4362 1.9583
1.3851 7.4359 1.9653
1.3871 7.4357 1.9723
1.3891 7.4354 1.9793
1.3911 7.4351 1.9863
1.3931 7.4348 1.9933
1.3951 7.4345 2.0003
1.3971 7.4342 2.0073
1.3991 7.4338 2.0143
1.4011 7.4335 2.0213
1.4031 7.4332 2.0283
1.4051 7.4328 2.0353
1.4071 7.4324 2.0423
1.4091 7.4321 2.0493
1.4111 7.4317 2.0563
1.4131 7.4313 2.0633
1.4151 7.4309 2.0703
1.4171 7.4305 2.0773
1.4191 7.43 2.0843
1.4211 7.4296 2.0913
1.4231 7.4292 2.0983
1.4251 7.4287 2.1053
1.4271 7.4282 2.1123
1.4291 7.4278 2.1193
1.4311 7.4273 2.1263
1.4331 7.4268 2.1333
1.4351 7.4263 2.1403
1.4371 7.4258 2.1473
1.4391 7.4253 2.1543
1.4411 7.4247 2.1613
1.4431 7.4242 2.1683
1.4451 7.4236 2.1753
1.4471 7.4231 2.1823
1.4491 7.4225 2.1893
1.4511 7.4219 2.1963
1.4531 7.4213 2.2033
1.4551 7.4207 2.2103
1.4571 7.4201 2.2173
1.4591 7.4195 2.2243
1.4611 7.4189 2.2313
1.4631 7.4182 2.2383
1.4651 7.4176 2.2453
1.4671 7.4169 2.2523
1.4691 7.4162 2.2593
1.4711 7.4156 2.2663
1.4731 7.4149 2.2733
1.4751 7.4142 2.2803
1.4771 7.4135 2.2873
1.4791 7.4127 2.2943
1.4811 7.412 2.3013
1.4831 7.4113 2.3083
1.4851 7.4105 2.3153
1.4871 7.4098 2.3223
1.4891 7.409 2.3293
1.4911 7.4082 2.3363
1.4931 7.4074 2.3433
1.4951 7.4066 2.3503
1.4971 7.4058 2.3573
1.4991 7.405 2.3643
1.5011 7.4042 2.3713
1.5031 7.4033 2.3783
1.5051 7.4025 2.3853
1.5071 7.4016 2.3923
1.5091 7.4008 2.3993
1.5111 7.3999 2.4063
1.5131 7.399 2.4133
1.5151 7.3981 2.4203
1.5171 7.3972 2.4273
1.5191 7.3963 2.4343
1.5211 7.3954 2.4413
1.5231 7.3944 2.4483
1.5251 7.3935 2.4553
1.5271 7.3925 2.4623
1.5291 7.3916 2.4693
1.5311 7.3906 2.4763
1.5331 7.3896 2.4833
1.5351 7.3886 2.4903
1.5371 7.3876 2.4973
1.5391 7.3866 2.5043
1.5411 7.3856 2.5113
1.5431 7.3845 2.5183
1.5451 7.3835 2.5253
1.5471 7.3824 2.5323
1.5491 7.3814 2.5393
1.5511 7.3803 2.5463
1.5531 7.3792 2.5533
1.5551 7.3781 2.5603
1.5571 7.377 2.5673
1.5591 7.3759 2.5743
1.5611 7.3748 2.5813
1.5631 7.3737 2.5883
1.5651 7.3725 2.5953
1.5671 7.3714 2.6023
1.5691 7.3702 2.6093
1.5711 7.369 2.6163
1.5731 7.3679 2.6233
1.5751 7.3667 2.6303
1.5771 7.3655 2.6373
1.5791 7.3643 2.6443
1.5811 7.363 2.6513
1.5831 7.3618 2.6583
1.5851 7.3606 2.6653
1.5871 7.3593 2.6723
1.5891 7.3581 2.6793
1.5911 7.3568 2.6863
1.5931 7.3555 2.6933
1.5951 7.3542 2.7003
1.5971 7.3529 2.7073
1.5991 7.3516 2.7143
1.6011 7.3503 2.7213
1.6031 7.349 2.7283
1.6051 7.3477 2.7353
1.6071 7.3463 2.7423
1.6091 7.3449 2.7493
1.6111 7.3436 2.7563
1.6131 7.3422 2.7633
1.6151 7.3408 2.7703
1.6171 7.3394 2.7773
1.6191 7.338 2.7843
1.6211 7.3366 2.7913
1.6231 7.3352 2.7983
1.6251 7.3337 2.8053
1.6271 7.3323 2.8123
1.6291 7.3308 2.8193
1.6311 7.3294 2.8263
1.6331 7.3279 2.8333
1.6351 7.3264 2.8403
1.6371 7.3249 2.8473
1.6391 7.3234 2.8543
1.6411 7.3219 2.8613
1.6431 7.3204 2.8683
1.6451 7.3188 2.8753
1.6471 7.3173 2.8823
1.6491 7.3158 2.8893
1.6511 7.3142 2.8963
1.6531 7.3126 2.9033
1.6551 7.311 2.9103
1.6571 7.3094 2.9173
1.6591 7.3078 2.9243
1.6611 7.3062 2.9313
1.6631 7.3046 2.9383
1.6651 7.303 2.9453
1.6671 7.3013 2.9523
1.6691 7.2997 2.9593
1.6711 7.298 2.9663
1.6731 7.2963 2.9733
1.6751 7.2947 2.9803
1.6771 7.293 2.9873
1.6791 7.2913 2.9943
1.6811 7.2896 3.0013
1.6831 7.2878 3.0083
1.6851 7.2861 3.0153
1.6871 7.2844 3.0223
1.6891 7.2826 3.0293
1.6911 7.2809 3.0363
1.6931 7.2791 3.0433
1.6951 7.2773 3.0503
1.6971 7.2755 3.0573
1.6991 7.2737 3.0643
1.7011 7.2719 3.0713
1.7031 7.2701 3.0783
1.7051 7.2683 3.0853
1.7071 7.2664 3.0923
1.7091 7.2646 3.0993
1.7111 7.2627 3.1063
1.7131 7.2609 3.1133
1.7151 7.259 3.1203
1.7171 7.2571 3.1273
1.7191 7.2552 3.1343
1.7211 7.2533 3.1413
1.7231 7.2514 3.1483
1.7251 7.2495 3.1553
1.7271 7.2475 3.1623
1.7291 7.2456 3.1693
1.7311 7.2436 3.1763
1.7331 7.2417 3.1833
1.7351 7.2397 3.1903
1.7371 7.2377 3.1973
1.7391 7.2357 3.2043
1.7411 7.2337 3.2113
1.7431 7.2317 3.2183
1.7451 7.2297 3.2253
1.7471 7.2276 3.2323
1.7491 7.2256 3.2393
1.7511 7.2235 3.2463
1.7531 7.2215 3.2533
1.7551 7.2194 3.2603
1.7571 7.2173 3.2673
1.7591 7.2152 3.2743
1.7611 7.2131 3.2813
1.7631 7.211 3.2883
1.7651 7.2089 3.2953
1.7671 7.2068 3.3023
1.7691 7.2046 3.3093
1.7711 7.2025 3.3163
1.7731 7.2003 3.3233
1.7751 7.1981 3.3303
1.7771 7.196 3.3373
1.7791 7.1938 3.3443
1.7811 7.1916 3.3513
1.7831 7.1894 3.3583
1.7851 7.1871 3.3653
1.7871 7.1849 3.3723
1.7891 7.1827 3.3793
1.7911 7.1804 3.3863
1.7931 7.1782 3.3933
1.7951 7.1759 3.4003
1.7971 7.1736 3.4073
1.7991 7.1713 3.4143
1.8011 7.169 3.4213
1.8031 7.1667 3.4283
1.8051 7.1644 3.4353
1.8071 7.1621 3.4423
1.8091 7.1597 3.4493
1.8111 7.1574 3.4563
1.8131 7.155 3.4633
1.8151 7.1527 3.4703
1.8171 7.1503 3.4773
1.8191 7.1479 3.4843
1.8211 7.1455 3.4913
1.8231 7.1431 3.4983
1.8251 7.1407 3.5053
1.8271 7.1382 3.5123
1.8291 7.1358 3.5193
1.8311 7.1334 3.5263
1.8331 7.1309 3.5333
1.8351 7.1284 3.5403
1.8371 7.126 3.5473
1.8391 7.1235 3.5543
1.8411 7.121 3.5613
1.8431 7.1185 3.5683
1.8451 7.116 3.5753
1.8471 7.1134 3.5823
1.8491 7.1109 3.5893
1.8511 7.1084 3.5963
1.8531 7.1058 3.6033
1.8551 7.1032 3.6103
1.8571 7.1007 3.6173
1.8591 7.0981 3.6243
1.8611 7.0955 3.6313
1.8631 7.0929 3.6383
1.8651 7.0903 3.6453
1.8671 7.0877 3.6523
1.8691 7.085 3.6593
1.8711 7.0824 3.6663
1.8731 7.0797 3.6733
1.8751 7.0771 3.6803
1.8771 7.0744 3.6873
1.8791 7.0717 3.6943
1.8811 7.069 3.7013
1.8831 7.0663 3.7083
1.8851 7.0636 3.7154
1.8871 7.0609 3.7224
1.8891 7.0582 3.7294
1.8911 7.0554 3.7364
1.8931 7.0527 3.7434
1.8951 7.0499 3.7504
1.8971 7.0471 3.7574
1.8991 7.0444 3.7644
1.9011 7.0416 3.7714
1.9031 7.0388 3.7784
1.9051 7.036 3.7854
1.9071 7.0331 3.7924
1.9091 7.0303 3.7994
1.9111 7.0275 3.8064
1.9131 7.0246 3.8134
1.9151 7.0218 3.8204
1.9171 7.0189 3.8274
1.9191 7.016 3.8344
1.9211 7.0131 3.8414
1.9231 7.0102 3.8484
1.9251 7.0073 3.8554
1.9271 7.0044 3.8624
1.9291 7.0015 3.8694
1.9311 6.9986 3.8764
1.9331 6.9956 3.8834
1.9351 6.9927 3.8904
1.9371 6.9897 3.8974
1.9391 6.9867 3.9044
1.9411 6.9837 3.9114
1.9431 6.9807 3.9184
1.9451 6.9777 3.9254
1.9471 6.9747 3.9324
1.9491 6.9717 3.9394
1.9511 6.9687 3.9464
1.9531 6.9656 3.9534
1.9551 6.9626 3.9604
1.9571 6.9595 3.9674
1.9591 6.9564 3.9744
1.9611 6.9533 3.9814
1.9631 6.9502 3.9884
1.9651 6.9471 3.9954
1.9671 6.944 4.0024
1.9691 6.9409 4.0094
1.9711 6.9378 4.0164
1.9731 6.9346 4.0234
1.9751 6.9315 4.0304
1.9771 6.9283 4.0374
1.9791 6.9251 4.0444
1.9811 6.922 4.0514
1.9831 6.9188 4.0584
1.9851 6.9156 4.0654
1.9871 6.9124 4.0724
1.9891 6.9091 4.0794
1.9911 6.9059 4.0864
1.9931 6.9027 4.0934
1.9951 6.8994 4.1004
1.9971 6.8962 4.1074
1.9991 6.8929 4.1144
2.0011 6.8896 4.1214
2.0031 6.8863 4.1284
2.0051 6.883 4.1354
2.0071 6.8797 4.1424
2.0091 6.8764 4.1494
2.0111 6.8731 4.1564
2.0131 6.8697 4.1634
2.0151 6.8664 4.1704
2.0171 6.863 4.1774
2.0191 6.8597 4.1844
2.0211 6.8563 4.1914
2.0231 6.8529 4.1984
2.0251 6.8495 4.2054
2.0271 6.8461 4.2124
2.0291 6.8427 4.2194
2.0311 6.8392 4.2264
2.0331 6.8358 4.2334
2.0351 6.8324 4.2404
2.0371 6.8289 4.2474
2.0391 6.8254 4.2544
2.0411 6.822 4.2614
2.0431 6.8185 4.2684
2.0451 6.815 4.2754
2.0471 6.8115 4.2824
2.0491 6.808 4.2894
2.0511 6.8044 4.2964
2.0531 6.8009 4.3034
2.0551 6.7973 4.3104
2.0571 6.7938 4.3174
2.0591 6.7902 4.3244
2.0611 6.7867 4.3314
2.0631 6.7831 4.3384
2.0651 6.7795 4.3454
2.0671 6.7759 4.3524
2.0691 6.7723 4.3594
2.0711 6.7686 4.3664
2.0731 6.765 4.3734
2.0751 6.7614 4.3804
2.0771 6.7577 4.3874
2.0791 6.754 4.3944
2.0811 6.7504 4.4014
2.0831 6.7467 4.4084
2.0851 6.743 4.4154
2.0871 6.7393 4.4224
2.0891 6.7356 4.4294
2.0911 6.7319 4.4364
2.0931 6.7281 4.4434
2.0951 6.7244 4.4504
2.0971 6.7206 4.4574
2.0991 6.7169 4.4644
2.1011 6.7131 4.4714
2.1031 6.7093 4.4784
2.1051 6.7055 4.4854
2.1071 6.7017 4.4924
2.1091 6.6979 4.4994
2.1111 6.6941 4.5064
2.1131 6.6903 4.5134
2.1151 6.6864 4.5204
2.1171 6.6826 4.5274
2.1191 6.6787 4.5344
2.1211 6.6749 4.5414
2.1231 6.671 4.5484
2.1251 6.6671 4.5554
2.1271 6.6632 4.5624
2.1291 6.6593 4.5694
2.1311 6.6554 4.5764
2.1331 6.6515 4.5834
2.1351 6.6475 4.5904
2.1371 6.6436 4.5974
2.1391 6.6396 4.6044
2.1411 6.6357 4.6114
2.1431 6.6317 4.6184
2.1451 6.6277 4.6254
2.1471 6.6237 4.6324
2.1491 6.6197 4.6394
2.1511 6.6157 4.6464
2.1531 6.6116 4.6534
2.1551 6.6076 4.6604
2.1571 6.6036 4.6674
2.1591 6.5995 4.6744
2.1611 6.5954 4.6814
2.1631 6.5914 4.6884
2.1651 6.5873 4.6954
2.1671 6.5832 4.7024
2.1691 6.5791 4.7094
2.1711 6.575 4.7164
2.1731 6.5709 4.7234
2.1751 6.5667 4.7304
2.1771 6.5626 4.7374
2.1791 6.5584 4.7444
2.1811 6.5543 4.7514
2.1831 6.5501 4.7584
2.1851 6.5459 4.7654
2.1871 6.5417 4.7724
2.1891 6.5375 4.7794
2.1911 6.5333 4.7864
2.1931 6.5291 4.7934
2.1951 6.5248 4.8004
2.1971 6.5206 4.8074
2.1991 6.5164 4.8144
2.2011 6.5121 4.8214
2.2031 6.5078 4.8284
2.2051 6.5035 4.8354
2.2071 6.4993 4.8424
2.2091 6.495 4.8494
2.2111 6.4906 4.8564
2.2131 6.4863 4.8634
2.2151 6.482 4.8704
2.2171 6.4777 4.8774
2.2191 6.4733 4.8844
2.2211 6.4689 4.8914
2.2231 6.4646 4.8984
2.2251 6.4602 4.9054
2.2271 6.4558 4.9124
2.2291 6.4514 4.9194
2.2311 6.447 4.9264
2.2331 6.4426 4.9334
2.2351 6.4382 4.9404
2.2371 6.4337 4.9474
2.2391 6.4293 4.9544
2.2411 6.4248 4.9614
2.2431 6.4204 4.9684
2.2451 6.4159 4.9754
2.2471 6.4114 4.9824
2.2491 6.4069 4.9894
2.2511 6.4024 4.9964
2.2531 6.3979 5.0034
2.2551 6.3933 5.0104
2.2571 6.3888 5.0174
2.2591 6.3843 5.0244
2.2611 6.3797 5.0314
2.2631 6.3751 5.0384
2.2651 6.3706 5.0454
2.2671 6.366 5.0524
2.2691 6.3614 5.0594
2.2711 6.3568 5.0664
2.2731 6.3522 5.0734
2.2751 6.3476 5.0804
2.2771 6.3429 5.0874
2.2791 6.3383 5.0944
2.2811 6.3336 5.1014
2.2831 6.329 5.1084
2.2851 6.3243 5.1154
2.2871 6.3196 5.1224
2.2891 6.3149 5.1294
2.2911 6.3102 5.1364
2.2931 6.3055 5.1434
2.2951 6.3008 5.1504
2.2971 6.296 5.1574
2.2991 6.2913 5.1644
2.3011 6.2865 5.1714
2.3031 6.2818 5.1784
2.3051 6.277 5.1854
2.3071 6.2722 5.1924
2.3091 6.2674 5.1994
2.3111 6.2626 5.2064
2.3131 6.2578 5.2134
2.3151 6.253 5.2204
2.3171 6.2482 5.2274
2.3191 6.2433 5.2344
2.3211 6.2385 5.2414
2.3231 6.2336 5.2484
2.3251 6.2288 5.2554
2.3271 6.2239 5.2624
2.3291 6.219 5.2694
2.3311 6.2141 5.2764
2.3331 6.2092 5.2834
2.3351 6.2043 5.2904
2.3371 6.1993 5.2974
2.3391 6.1944 5.3044
2.3411 6.1895 5.3114
2.3431 6.1845 5.3184
2.3451 6.1795 5.3254
2.3471 6.1746 5.3324
2.3491 6.1696 5.3394
2.3511 6.1646 5.3464
2.3531 6.1596 5.3534
2.3551 6.1546 5.3604
2.3571 6.1495 5.3674
2.3591 6.1445 5.3744
2.3611 6.1394 5.3814
2.3631 6.1344 5.3884
2.3651 6.1293 5.3954
2.3671 6.1243 5.4024
2.3691 6.1192 5.4094
2.3711 6.1141 5.4164
2.3731 6.109 5.4234
2.3751 6.1039 5.4304
2.3771 6.0987 5.4374
2.3791 6.0936 5.4444
2.3811 6.0885 5.4514
2.3831 6.0833 5.4584
2.3851 6.0781 5.4654
2.3871 6.073 5.4724
2.3891 6.0678 5.4794
2.3911 6.0626 5.4864
2.3931 6.0574 5.4934
2.3951 6.0522 5.5004
2.3971 6.0469 5.5074
2.3991 6.0417 5.5144
2.4011 6.0365 5.5214
2.4031 6.0312 5.5284
2.4051 6.026 5.5354
2.4071 6.0207 5.5424
2.4091 6.0154 5.5494
2.4111 6.0101 5.5564
2.4131 6.0048 5.5634
2.4151 5.9995 5.5704
2.4171 5.9942 5.5774
2.4191 5.9889 5.5844
2.4211 5.9835 5.5914
2.4231 5.9782 5.5984
2.4251 5.9728 5.6054
2.4271 5.9674 5.6124
2.4291 5.9621 5.6194
2.4311 5.9567 5.6264
2.4331 5.9513 5.6334
2.4351 5.9459 5.6404
2.4371 5.9404 5.6474
2.4391 5.935 5.6544
2.4411 5.9296 5.6614
2.4431 5.9241 5.6684
2.4451 5.9187 5.6754
2.4471 5.9132 5.6824
2.4491 5.9077 5.6894
2.4511 5.9022 5.6964
2.4531 5.8967 5.7034
2.4551 5.8912 5.7104
2.4571 5.8857 5.7174
2.4591 5.8802 5.7244
2.4611 5.8747 5.7314
2.4631 5.8691 5.7384
2.4651 5.8636 5.7454
2.4671 5.858 5.7524
2.4691 5.8524 5.7594
2.4711 5.8468 5.7664
2.4731 5.8412 5.7734
2.4751 5.8356 5.7804
2.4771 5.83 5.7874
2.4791 5.8244 5.7944
2.4811 5.8188 5.8014
2.4831 5.8131 5.8084
2.4851 5.8075 5.8154
2.4871 5.8018 5.8224
2.4891 5.7961 5.8294
2.4911 5.7904 5.8364
2.4931 5.7847 5.8434
2.4951 5.779 5.8504
2.4971 5.7733 5.8574
2.4991 5.7676 5.8644
2.5011 5.7619 5.8714
2.5031 5.7561 5.8784
2.5051 5.7504 5.8854
2.5071 5.7446 5.8924
2.5091 5.7388 5.8994
2.5111 5.7331 5.9064
2.5131 5.7273 5.9134
2.5151 5.7215 5.9204
2.5171 5.7157 5.9274
2.5191 5.7098 5.9344
2.5211 5.704 5.9414
2.5231 5.6982 5.9484
2.5251 5.6923 5.9554
2.5271 5.6865 5.9624
2.5291 5.6806 5.9694
2.5311 5.6747 5.9764
2.5331 5.6688 5.9834
2.5351 5.6629 5.9904
2.5371 5.657 5.9974
2.5391 5.6511 6.0044
2.5411 5.6452 6.0114
2.5431 5.6392 6.0184
2.5451 5.6333 6.0254
2.5471 5.6273 6.0324
2.5491 5.6214 6.0394
2.5511 5.6154 6.0464
2.5531 5.6094 6.0534
2.5551 5.6034 6.0604
2.5571 5.5974 6.0674
2.5591 5.5914 6.0744
2.5611 5.5853 6.0814
2.5631 5.5793 6.0884
2.5651 5.5733 6.0954
2.5671 5.5672 6.1024
2.5691 5.5611 6.1094
2.5711 5.5551 6.1164
2.5731 5.549 6.1234
2.5751 5.5429 6.1304
2.5771 5.5368 6.1374
2.5791 5.5307 6.1444
2.5811 5.5245 6.1514
2.5831 5.5184 6.1584
2.5851 5.5123 6.1654
2.5871 5.5061 6.1724
2.5891 5.4999 6.1794
2.5911 5.4938 6.1864
2.5931 5.4876 6.1934
2.5951 5.4814 6.2004
2.5971 5.4752 6.2074
2.5991 5.469 6.2144
2.6011 5.4627 6.2214
2.6031 5.4565 6.2284
2.6051 5.4503 6.2354
2.6071 5.444 6.2424
2.6091 5.4378 6.2494
2.6111 5.4315 6.2564
2.6131 5.4252 6.2634
2.6151 5.4189 6.2704
2.6171 5.4126 6.2774
2.6191 5.4063 6.2844
2.6211 5.4 6.2914
2.6231 5.3937 6.2984
2.6251 5.3873 6.3054
2.6271 5.381 6.3124
2.6291 5.3746 6.3194
2.6311 5.3682 6.3264
2.6331 5.3618 6.3334
2.6351 5.3555 6.3404
2.6371 5.3491 6.3474
2.6391 5.3427 6.3544
2.6411 5.3362 6.3614
2.6431 5.3298 6.3684
2.6451 5.3234 6.3754
2.6471 5.3169 6.3824
2.6491 5.3105 6.3894
2.6511 5.304 6.3964
2.6531 5.2975 6.4034
2.6551 5.291 6.4104
2.6571 5.2845 6.4174
2.6591 5.278 6.4244
2.6611 5.2715 6.4314
2.6631 5.265 6.4384
2.6651 5.2584 6.4454
2.6671 5.2519 6.4524
2.6691 5.2453 6.4594
2.6711 5.2388 6.4664
2.6731 5.2322 6.4734
2.6751 5.2256 6.4804
2.6771 5.219 6.4874
2.6791 5.2124 6.4944
2.6811 5.2058 6.5014
2.6831 5.1992 6.5084
2.6851 5.1925 6.5154
2.6871 5.1859 6.5224
2.6891 5.1792 6.5294
2.6911 5.1726 6.5364
2.6931 5.1659 6.5434
2.6951 5.1592 6.5504
2.6971 5.1525 6.5574
2.6991 5.1458 6.5644
2.7011 5.1391 6.5714
2.7031 5.1324 6.5784
2.7051 5.1256 6.5854
2.7071 5.1189 6.5924
2.7091 5.1121 6.5994
2.7111 5.1054 6.6064
2.7131 5.0986 6.6134
2.7151 5.0918 6.6204
2.7171 5.085 6.6274
2.7191 5.0782 6.6344
2.7211 5.0714 6.6414
2.7231 5.0646 6.6484
2.7251 5.0578 6.6554
2.7271 5.0509 6.6624
2.7291 5.0441 6.6694
2.7311 5.0372 6.6764
2.7331 5.0303 6.6834
2.7351 5.0235 6.6904
2.7371 5.0166 6.6974
2.7391 5.0097 6.7044
2.7411 5.0028 6.7114
2.7431 4.9958 6.7185
2.7451 4.9889 6.7255
2.7471 4.982 6.7325
2.7491 4.975 6.7395
2.7511 4.9681 6.7465
2.7531 4.9611 6.7535
2.7551 4.9541 6.7605
2.7571 4.9471 6.7675
2.7591 4.9401 6.7745
2.7611 4.9331 6.7815
2.7631 4.9261 6.7885
2.7651 4.9191 6.7955
2.7671 4.9121 6.8025
2.7691 4.905 6.8095
2.7711 4.8979 6.8165
2.7731 4.8909 6.8235
2.7751 4.8838 6.8305
2.7771 4.8767 6.8375
2.7791 4.8696 6.8445
2.7811 4.8625 6.8515
2.7831 4.8554 6.8585
2.7851 4.8483 6.8655
2.7871 4.8411 6.8725
2.7891 4.834 6.8795
2.7911 4.8268 6.8865
2.7931 4.8197 6.8935
2.7951 4.8125 6.9005
2.7971 4.8053 6.9075
2.7991 4.7981 6.9145
2.8011 4.7909 6.9215
2.8031 4.7837 6.9285
2.8051 4.7765 6.9355
2.8071 4.7692 6.9425
2.8091 4.762 6.9495
2.8111 4.7548 6.9565
2.8131 4.7475 6.9635
2.8151 4.7402 6.9705
2.8171 4.7329 6.9775
2.8191 4.7256 6.9845
2.8211 4.7183 6.9915
2.8231 4.711 6.9985
2.8251 4.7037 7.0055
2.8271 4.6964 7.0125
2.8291 4.689 7.0195
2.8311 4.6817 7.0265
2.8331 4.6743 7.0335
2.8351 4.6669 7.0405
2.8371 4.6596 7.0475
2.8391 4.6522 7.0545
2.8411 4.6448 7.0615
2.8431 4.6374 7.0685
2.8451 4.6299 7.0755
2.8471 4.6225 7.0825
2.8491 4.6151 7.0895
2.8511 4.6076 7.0965
2.8531 4.6002 7.1035
2.8551 4.5927 7.1105
2.8571 4.5852 7.1175
2.8591 4.5777 7.1245
2.8611 4.5702 7.1315
2.8631 4.5627 7.1385
2.8651 4.5552 7.1455
2.8671 4.5477 7.1525
2.8691 4.5401 7.1595
2.8711 4.5326 7.1665
2.8731 4.525 7.1735
2.8751 4.5175 7.1805
2.8771 4.5099 7.1875
2.8791 4.5023 7.1945
2.8811 4.4947 7.2015
2.8831 4.4871 7.2085
2.8851 4.4795 7.2155
2.8871 4.4719 7.2225
2.8891 4.4642 7.2295
2.8911 4.4566 7.2365
2.8931 4.4489 7.2435
2.8951 4.4413 7.2505
2.8971 4.4336 7.2575
2.8991 4.4259 7.2645
2.9011 4.4182 7.2715
2.9031 4.4105 7.2785
2.9051 4.4028 7.2855
2.9071 4.3951 7.2925
2.9091 4.3873 7.2995
2.9111 4.3796 7.3065
2.9131 4.3718 7.3135
2.9151 4.3641 7.3205
2.9171 4.3563 7.3275
2.9191 4.3485 7.3345
2.9211 4.3407 7.3415
2.9231 4.3329 7.3485
2.9251 4.3251 7.3555
2.9271 4.3173 7.3625
2.9291 4.3095 7.3695
2.9311 4.3016 7.3765
2.9331 4.2938 7.3835
2.9351 4.2859 7.3905
2.9371 4.278 7.3975
2.9391 4.2702 7.4045
2.9411 4.2623 7.4115
2.9431 4.2544 7.4185
2.9451 4.2464 7.4255
2.9471 4.2385 7.4325
2.9491 4.2306 7.4395
2.9511 4.2227 7.4465
2.9531 4.2147 7.4535
2.9551 4.2068 7.4605
2.9571 4.1988 7.4675
2.9591 4.1908 7.4745
2.9611 4.1828 7.4815
2.9631 4.1748 7.4885
2.9651 4.1668 7.4955
2.9671 4.1588 7.5025
2.9691 4.1508 7.5095
2.9711 4.1427 7.5165
2.9731 4.1347 7.5235
2.9751 4.1266 7.5305
2.9771 4.1186 7.5375
2.9791 4.1105 7.5445
2.9811 4.1024 7.5515
2.9831 4.0943 7.5585
2.9851 4.0862 7.5655
2.9871 4.0781 7.5725
2.9891 4.0699 7.5795
2.9911 4.0618 7.5865
2.9931 4.0537 7.5935
2.9951 4.0455 7.6005
2.9971 4.0373 7.6075
2.9991 4.0292 7.6145
3.0011 4.021 7.6215
3.0031 4.0128 7.6285
3.0051 4.0046 7.6355
3.0071 3.9964 7.6425
3.0091 3.9881 7.6495
3.0111 3.9799 7.6565
3.0131 3.9717 7.6635
3.0151 3.9634 7.6705
3.0171 3.9551 7.6775
3.0191 3.9469 7.6845
3.0211 3.9386 7.6915
3.0231 3.9303 7.6985
3.0251 3.922 7.7055
3.0271 3.9137 7.7125
3.0291 3.9054 7.7195
3.0311 3.897 7.7265
3.0331 3.8887 7.7335
3.0351 3.8803 7.7405
3.0371 3.872 7.7475
3.0391 3.8636 7.7545
3.0411 3.8552 7.7615
3.0431 3.8468 7.7685
3.0451 3.8384 7.7755
3.0471 3.83 7.7825
3.0491 3.8216 7.7895
3.0511 3.8132 7.7965
3.0531 3.8047 7.8035
3.0551 3.7963 7.8105
3.0571 3.7878 7.8175
3.0591 3.7793 7.8245
3.0611 3.7709 7.8315
3.0631 3.7624 7.8385
3.0651 3.7539 7.8455
3.0671 3.7454 7.8525
3.0691 3.7368 7.8595
3.0711 3.7283 7.8665
3.0731 3.7198 7.8735
3.0751 3.7112 7.8805
3.0771 3.7027 7.8875
3.0791 3.6941 7.8945
3.0811 3.6855 7.9015
3.0831 3.6769 7.9085
3.0851 3.6683 7.9155
3.0871 3.6597 7.9225
3.0891 3.6511 7.9295
3.0911 3.6425 7.9365
3.0931 3.6339 7.9435
3.0951 3.6252 7.9505
3.0971 3.6166 7.9575
3.0991 3.6079 7.9645
3.1011 3.5992 7.9715
3.1031 3.5905 7.9785
3.1051 3.5818 7.9855
3.1071 3.5731 7.9925
3.1091 3.5644 7.9995
3.1111 3.5557 8.0065
3.1131 3.547 8.0135
3.1151 3.5382 8.0205
3.1171 3.5295 8.0275
3.1191 3.5207 8.0345
3.1211 3.5119 8.0415
3.1231 3.5031 8.0485
3.1251 3.4943 8.0555
3.1271 3.4855 8.0625
3.1291 3.4767 8.0695
3.1311 3.4679 8.0765
3.1331 3.4591 8.0835
3.1351 3.4502 8.0905
3.1371 3.4414 8.0975
3.1391 3.4325 8.1045
3.1411 3.4236 8.1115
3.1431 3.4148 8.1185
3.1451 3.4059 8.1255
3.1471 3.397 8.1325
3.1491 3.3881 8.1395
3.1511 3.3791 8.1465
3.1531 3.3702 8.1535
3.1551 3.3613 8.1605
3.1571 3.3523 8.1675
3.1591 3.3434 8.1745
3.1611 3.3344 8.1815
3.1631 3.3254 8.1885
3.1651 3.3164 8.1955
3.1671 3.3074 8.2025
3.1691 3.2984 8.2095
3.1711 3.2894 8.2165
3.1731 3.2804 8.2235
3.1751 3.2713 8.2305
3.1771 3.2623 8.2375
3.1791 3.2532 8.2445
3.1811 3.2442 8.2515
3.1831 3.2351 8.2585
3.1851 3.226 8.2655
3.1871 3.2169 8.2725
3.1891 3.2078 8.2795
3.1911 3.1987 8.2865
3.1931 3.1895 8.2935
3.1951 3.1804 8.3005
3.1971 3.1713 8.3075
3.1991 3.1621 8.3145
3.2011 3.1529 8.3215
3.2031 3.1438 8.3285
3.2051 3.1346 8.3355
3.2071 3.1254 8.3425
3.2091 3.1162 8.3495
3.2111 3.107 8.3565
3.2131 3.0977 8.3635
3.2151 3.0885 8.3705
3.2171 3.0793 8.3775
3.2191 3.07 8.3845
3.2211 3.0607 8.3915
3.2231 3.0515 8.3985
3.2251 3.0422 8.4055
3.2271 3.0329 8.4125
3.2291 3.0236 8.4195
3.2311 3.0143 8.4265
3.2331 3.0049 8.4335
3.2351 2.9956 8.4405
3.2371 2.9863 8.4475
3.2391 2.9769 8.4545
3.2411 2.9675 8.4615
3.2431 2.9582 8.4685
3.2451 2.9488 8.4755
3.2471 2.9394 8.4825
3.2491 2.93 8.4895
3.2511 2.9206 8.4965
3.2531 2.9112 8.5035
3.2551 2.9017 8.5105
3.2571 2.8923 8.5175
3.2591 2.8828 8.5245
3.2611 2.8734 8.5315
3.2631 2.8639 8.5385
3.2651 2.8544 8.5455
3.2671 2.8449 8.5525
3.2691 2.8354 8.5595
3.2711 2.8259 8.5665
3.2731 2.8164 8.5735
3.2751 2.8069 8.5805
3.2771 2.7974 8.5875
3.2791 2.7878 8.5945
3.2811 2.7782 8.6015
3.2831 2.7687 8.6085
3.2851 2.7591 8.6155
3.2871 2.7495 8.6225
3.2891 2.7399 8.6295
3.2911 2.7303 8.6365
3.2931 2.7207 8.6435
3.2951 2.7111 8.6505
3.2971 2.7014 8.6575
3.2991 2.6918 8.6645
3.3011 2.6821 8.6715
3.3031 2.6725 8.6785
3.3051 2.6628 8.6855
3.3071 2.6531 8.6925
3.3091 2.6434 8.6995
3.3111 2.6337 8.7065
3.3131 2.624 8.7135
3.3151 2.6142 8.7205
3.3171 2.6045 8.7275
3.3191 2.5948 8.7345
3.3211 2.585 8.7415
3.3231 2.5752 8.7485
3.3251 2.5655 8.7555
3.3271 2.5557 8.7625
3.3291 2.5459 8.7695
3.3311 2.5361 8.7765
3.3331 2.5263 8.7835
3.3351 2.5165 8.7905
3.3371 2.5066 8.7975
3.3391 2.4968 8.8045
3.3411 2.4869 8.8115
3.3431 2.4771 8.8185
3.3451 2.4672 8.8255
3.3471 2.4573 8.8325
3.3491 2.4474 8.8395
3.3511 2.4375 8.8465
3.3531 2.4276 8.8535
3.3551 2.4177 8.8605
3.3571 2.4078 8.8675
3.3591 2.3978 8.8745
3.3611 2.3879 8.8815
3.3631 2.3779 8.8885
3.3651 2.3679 8.8955
3.3671 2.3579 8.9025
3.3691 2.348 8.9095
3.3711 2.338 8.9165
3.3731 2.3279 8.9235
3.3751 2.3179 8.9305
3.3771 2.3079 8.9375
3.3791 2.2979 8.9445
3.3811 2.2878 8.9515
3.3831 2.2778 8.9585
3.3852 2.2677 8.9655
3.3872 2.2576 8.9725
3.3892 2.2475 8.9795
3.3912 2.2374 8.9865
3.3932 2.2273 8.9935
3.3952 2.2172 9.0005
3.3972 2.2071 9.0075
3.3992 2.1969 9.0145
3.4012 2.1868 9.0215
3.4032 2.1766 9.0285
3.4052 2.1665 9.0355
3.4072 2.1563 9.0425
3.4092 2.1461 9.0495
3.4112 2.1359 9.0565
3.4132 2.1257 9.0635
3.4152 2.1155 9.0705
3.4172 2.1052 9.0775
3.4192 2.095 9.0845
3.4212 2.0848 9.0915
3.4232 2.0745 9.0985
3.4252 2.0642 9.1055
3.4272 2.054 9.1125
3.4292 2.0437 9.1195
3.4312 2.0334 9.1265
3.4332 2.0231 9.1335
3.4352 2.0128 9.1405
3.4372 2.0025 9.1475
3.4392 1.9921 9.1545
3.4412 1.9818 9.1615
3.4432 1.9714 9.1685
3.4452 1.9611 9.1755
3.4472 1.9507 9.1825
3.4492 1.9403 9.1895
3.4512 1.9299 9.1965
3.4532 1.9195 9.2035
3.4552 1.9091 9.2105
3.4572 1.8987 9.2175
3.4592 1.8882 9.2245
3.4612 1.8778 9.2315
3.4632 1.8674 9.2385
3.4652 1.8569 9.2455
3.4672 1.8464 9.2525
3.4692 1.8359 9.2595
3.4712 1.8254 9.2665
3.4732 1.8149 9.2735
3.4752 1.8044 9.2805
3.4772 1.7939 9.2875
3.4792 1.7834 9.2945
3.4812 1.7728 9.3015
3.4832 1.7623 9.3085
3.4852 1.7517 9.3155
3.4872 1.7412 9.3225
3.4892 1.7306 9.3295
3.4912 1.72 9.3365
3.4932 1.7094 9.3435
3.4952 1.6988 9.3505
3.4972 1.6882 9.3575
3.4992 1.6776 9.3645
3.5012 1.6669 9.3715
3.5032 1.6563 9.3785
3.5052 1.6456 9.3855
3.5072 1.6349 9.3925
3.5092 1.6243 9.3995
3.5112 1.6136 9.4065
3.5132 1.6029 9.4135
3.5152 1.5922 9.4205
3.5172 1.5815 9.4275
3.5192 1.5707 9.4345
3.5212 1.56 9.4415
3.5232 1.5493 9.4485
3.5252 1.5385 9.4555
3.5272 1.5277 9.4625
3.5292 1.517 9.4695
3.5312 1.5062 9.4765
3.5332 1.4954 9.4835
3.5352 1.4846 9.4905
3.5372 1.4738 9.4975
3.5392 1.4629 9.5045
3.5412 1.4521 9.5115
3.5432 1.4413 9.5185
3.5452 1.4304 9.5255
3.5472 1.4195 9.5325
3.5492 1.4087 9.5395
3.5512 1.3978 9.5465
3.5532 1.3869 9.5535
3.5552 1.376 9.5605
3.5572 1.3651 9.5675
3.5592 1.3542 9.5745
3.5612 1.3432 9.5815
3.5632 1.3323 9.5885
3.5652 1.3213 9.5955
3.5672 1.3104 9.6025
3.5692 1.2994 9.6095
3.5712 1.2884 9.6165
3.5732 1.2774 9.6235
3.5752 1.2664 9.6305
3.5772 1.2554 9.6375
3.5792 1.2444 9.6445
3.5812 1.2334 9.6515
3.5832 1.2223 9.6585
3.5852 1.2113 9.6655
3.5872 1.2002 9.6725
3.5892 1.1891 9.6795
3.5912 1.1781 9.6865
3.5932 1.167 9.6935
3.5952 1.1559 9.7005
3.5972 1.1448 9.7075
3.5992 1.1336 9.7145
3.6012 1.1225 9.7216
3.6032 1.1114 9.7286
3.6052 1.1002 9.7356
3.6072 1.0891 9.7426
3.6092 1.0779 9.7496
3.6112 1.0667 9.7566
3.6132 1.0555 9.7636
3.6152 1.0443 9.7706
3.6172 1.0331 9.7776
3.6192 1.0219 9.7846
3.6212 1.0107 9.7916
3.6232 0.9995 9.7986
3.6252 0.9882 9.8056
3.6272 0.977 9.8126
3.6292 0.9657 9.8196
3.6312 0.9544 9.8266
3.6332 0.9431 9.8336
3.6352 0.9318 9.8406
3.6372 0.9205 9.8476
3.6392 0.9092 9.8546
3.6412 0.8979 9.8616
3.6432 0.8866 9.8686
3.6452 0.8752 9.8756
3.6472 0.8639 9.8826
3.6492 0.8525 9.8896
3.6512 0.8411 9.8966
3.6532 0.8297 9.9036
3.6552 0.8184 9.9106
3.6572 0.8069 9.9176
3.6592 0.7955 9.9246
3.6612 0.7841 9.9316
3.6632 0.7727 9.9386
3.6652 0.7612 9.9456
3.6672 0.7498 9.9526
3.6692 0.7383 9.9596
3.6712 0.7269 9.9666
3.6732 0.7154 9.9736
3.6752 0.7039 9.9806
3.6772 0.6924 9.9876
3.6792 0.6809 9.9946
3.6812 0.6693 10.0016
3.6832 0.6578 10.0086
3.6852 0.6463 10.0156
3.6872 0.6347 10.0226
3.6892 0.6232 10.0296
3.6912 0.6116 10.0366
3.6932 0.6 10.0436
3.6952 0.5884 10.0506
3.6972 0.5768 10.0576
3.6992 0.5652 10.0646
3.7012 0.5536 10.0716
3.7032 0.542 10.0786
3.7052 0.5303 10.0856
3.7072 0.5187 10.0926
3.7092 0.507 10.0996
3.7112 0.4954 10.1066
3.7132 0.4837 10.1136
3.7152 0.472 10.1206
3.7172 0.4603 10.1276
3.7192 0.4486 10.1346
3.7212 0.4369 10.1416
3.7232 0.4251 10.1486
3.7252 0.4134 10.1556
3.7272 0.4017 10.1626
3.7292 0.3899 10.1696
3.7312 0.3781 10.1766
3.7332 0.3664 10.1836
3.7352 0.3546 10.1906
3.7372 0.3428 10.1976
3.7392 0.331 10.2046
3.7412 0.3192 10.2116
3.7432 0.3073 10.2186
3.7452 0.2955 10.2256
3.7472 0.2837 10.2326
3.7492 0.2718 10.2396
3.7512 0.2599 10.2466
3.7532 0.2481 10.2536
3.7552 0.2362 10.2606
3.7572 0.2243 10.2676
3.7592 0.2124 10.2746
3.7612 0.2005 10.2816
3.7632 0.1886 10.2886
3.7652 0.1766 10.2956
3.7672 0.1647 10.3026
3.7692 0.1527 10.3096
3.7712 0.1408 10.3166
3.7732 0.1288 10.3236
3.7752 0.1168 10.3306
3.7772 0.1048 10.3376
3.7792 0.0928 10.3446
3.7812 0.0808 10.3516
3.7832 0.0688 10.3586
3.7852 0.0568 10.3656
3.7872 0.0447 10.3726
3.7892 0.0327 10.3796
3.7912 0.0206 10.3866
3.7932 0.0085 10.3936
3.7946 -0 10.3985
3.7946 0 10.3985
3.7966 0.0085 10.4055
3.7986 0.0169 10.4125
3.8006 0.0253 10.4195
3.8026 0.0338 10.4265
3.8046 0.0422 10.4335
3.8066 0.0506 10.4405
3.8086 0.059 10.4475
3.8106 0.0673 10.4545
3.8126 0.0757 10.4615
3.8146 0.0841 10.4685
3.8166 0.0924 10.4755
3.8186 0.1008 10.4825
3.8206 0.1091 10.4895
3.8226 0.1174 10.4965
3.8246 0.1258 10.5035
3.8266 0.1341 10.5105
3.8286 0.1424 10.5175
3.8306 0.1506 10.5245
3.8326 0.1589 10.5315
3.8346 0.1672 10.5385
3.8366 0.1754 10.5455
3.8386 0.1837 10.5525
3.8406 0.1919 10.5595
3.8426 0.2002 10.5665
3.8446 0.2084 10.5735
3.8466 0.2166 10.5805
3.8486 0.2248 10.5875
3.8506 0.233 10.5945
3.8526 0.2411 10.6015
3.8546 0.2493 10.6085
3.8566 0.2575 10.6155
3.8586 0.2656 10.6225
3.8606 0.2737 10.6295
3.8626 0.2819 10.6365
3.8646 0.29 10.6435
3.8666 0.2981 10.6505
3.8686 0.3062 10.6575
3.8706 0.3143 10.6645
3.8726 0.3224 10.6715
3.8746 0.3304 10.6785
3.8766 0.3385 10.6855
3.8786 0.3466 10.6925
3.8806 0.3546 10.6995
3.8826 0.3626 10.7065
3.8846 0.3706 10.7135
3.8866 0.3787 10.7205
3.8886 0.3867 10.7275
3.8906 0.3946 10.7345
3.8926 0.4026 10.7415
3.8946 0.4106 10.7485
3.8966 0.4186 10.7555
3.8986 0.4265 10.7625
3.9006 0.4345 10.7695
3.9026 0.4424 10.7765
3.9046 0.4503 10.7835
3.9066 0.4582 10.7905
3.9086 0.4661 10.7975
3.9106 0.474 10.8045
3.9126 0.4819 10.8115
3.9146 0.4898 10.8185
3.9166 0.4976 10.8255
3.9186 0.5055 10.8325
3.9206 0.5133 10.8395
3.9226 0.5212 10.8465
3.9246 0.529 10.8535
3.9266 0.5368 10.8605
3.9286 0.5446 10.8675
3.9306 0.5524 10.8745
3.9326 0.5602 10.8815
3.9346 0.568 10.8885
3.9366 0.5757 10.8955
3.9386 0.5835 10.9025
3.9406 0.5912 10.9095
3.9426 0.599 10.9165
3.9446 0.6067 10.9235
3.9466 0.6144 10.9305
3.9486 0.6221 10.9375
3.9506 0.6298 10.9445
3.9526 0.6375 10.9515
3.9546 0.6452 10.9585
3.9566 0.6529 10.9655
3.9586 0.6605 10.9725
3.9606 0.6682 10.9795
3.9626 0.6758 10.9865
3.9646 0.6834 10.9935
3.9666 0.691 11.0005
3.9686 0.6987 11.0075
3.9706 0.7063 11.0145
3.9726 0.7138 11.0215
3.9746 0.7214 11.0285
3.9766 0.729 11.0355
3.9786 0.7366 11.0425
3.9806 0.7441 11.0495
3.9826 0.7516 11.0565
3.9846 0.7592 11.0635
3.9866 0.7667 11.0705
3.9886 0.7742 11.0775
3.9906 0.7817 11.0845
3.9926 0.7892 11.0915
3.9946 0.7967 11.0985
3.9966 0.8041 11.1055
3.9986 0.8116 11.1125
4.0006 0.8191 11.1195
4.0026 0.8265 11.1265
4.0046 0.8339 11.1335
4.0066 0.8414 11.1405
4.0086 0.8488 11.1475
4.0106 0.8562 11.1545
4.0126 0.8636 11.1615
4.0146 0.871 11.1685
4.0166 0.8783 11.1755
4.0186 0.8857 11.1825
4.0206 0.893 11.1895
4.0226 0.9004 11.1965
4.0246 0.9077 11.2035
4.0266 0.915 11.2105
4.0286 0.9224 11.2175
4.0306 0.9297 11.2245
4.0326 0.937 11.2315
4.0346 0.9442 11.2385
4.0366 0.9515 11.2455
4.0386 0.9588 11.2525
4.0406 0.966 11.2595
4.0426 0.9733 11.2665
4.0446 0.9805 11.2735
4.0466 0.9877 11.2805
4.0486 0.995 11.2875
4.0506 1.0022 11.2945
4.0526 1.0094 11.3015
4.0546 1.0166 11.3085
4.0566 1.0237 11.3155
4.0586 1.0309 11.3225
4.0606 1.0381 11.3295
4.0626 1.0452 11.3365
4.0646 1.0523 11.3435
4.0666 1.0595 11.3505
4.0686 1.0666 11.3576
4.0706 1.0737 11.3646
4.0726 1.0808 11.3716
4.0746 1.0879 11.3786
4.0766 1.095 11.3856
4.0786 1.102 11.3926
4.0806 1.1091 11.3996
4.0826 1.1161 11.4066
4.0846 1.1232 11.4136
4.0866 1.1302 11.4206
4.0886 1.1372 11.4276
4.0906 1.1442 11.4346
4.0926 1.1512 11.4416
4.0946 1.1582 11.4486
4.0966 1.1652 11.4556
4.0986 1.1722 11.4626
4.1006 1.1791 11.4696
4.1026 1.1861 11.4766
4.1046 1.193 11.4836
4.1066 1.2 11.4906
4.1086 1.2069 11.4976
4.1106 1.2138 11.5046
4.1126 1.2207 11.5116
4.1146 1.2276 11.5186
4.1166 1.2345 11.5256
4.1186 1.2413 11.5326
4.1206 1.2482 11.5396
4.1226 1.2551 11.5466
4.1246 1.2619 11.5536
4.1266 1.2687 11.5606
4.1286 1.2756 11.5676
4.1306 1.2824 11.5746
4.1326 1.2892 11.5816
4.1346 1.296 11.5886
4.1366 1.3028 11.5956
4.1386 1.3095 11.6026
4.1406 1.3163 11.6096
4.1426 1.3231 11.6166
4.1446 1.3298 11.6236
4.1466 1.3365 11.6306
4.1486 1.3433 11.6376
4.1506 1.35 11.6446
4.1526 1.3567 11.6516
4.1546 1.3634 11.6586
4.1566 1.3701 11.6656
4.1586 1.3767 11.6726
4.1606 1.3834 11.6796
4.1626 1.3901 11.6866
4.1646 1.3967 11.6936
4.1666 1.4034 11.7006
4.1686 1.41 11.7076
4.1706 1.4166 11.7146
4.1726 1.4232 11.7216
4.1746 1.4298 11.7286
4.1766 1.4364 11.7356
4.1786 1.443 11.7426
4.1806 1.4495 11.7496
4.1826 1.4561 11.7566
4.1846 1.4627 11.7636
4.1866 1.4692 11.7706
4.1886 1.4757 11.7776
4.1906 1.4822 11.7846
4.1926 1.4887 11.7916
4.1946 1.4952 11.7986
4.1966 1.5017 11.8056
4.1986 1.5082 11.8126
4.2006 1.5147 11.8196
4.2026 1.5212 11.8266
4.2046 1.5276 11.8336
4.2066 1.534 11.8406
4.2086 1.5405 11.8476
4.2106 1.5469 11.8546
4.2126 1.5533 11.8616
4.2146 1.5597 11.8686
4.2166 1.5661 11.8756
4.2186 1.5725 11.8826
4.2206 1.5789 11.8896
4.2226 1.5852 11.8966
4.2246 1.5916 11.9036
4.2266 1.5979 11.9106
4.2286 1.6043 11.9176
4.2306 1.6106 11.9246
4.2326 1.6169 11.9316
4.2346 1.6232 11.9386
4.2366 1.6295 11.9456
4.2386 1.6358 11.9526
4.2406 1.642 11.9596
4.2426 1.6483 11.9666
4.2446 1.6546 11.9736
4.2466 1.6608 11.9806
4.2486 1.667 11.9876
4.2506 1.6733 11.9946
4.2526 1.6795 12.0016
4.2546 1.6857 12.0086
4.2566 1.6919 12.0156
4.2586 1.6981 12.0226
4.2606 1.7042 12.0296
4.2626 1.7104 12.0366
4.2646 1.7166 12.0436
4.2666 1.7227 12.0506
4.2686 1.7289 12.0576
4.2706 1.735 12.0646
4.2726 1.7411 12.0716
4.2746 1.7472 12.0786
4.2766 1.7533 12.0856
4.2786 1.7594 12.0926
4.2806 1.7655 12.0996
4.2826 1.7715 12.1066
4.2846 1.7776 12.1136
4.2866 1.7836 12.1206
4.2886 1.7897 12.1276
4.2906 1.7957 12.1346
4.2926 1.8017 12.1416
4.2946 1.8077 12.1486
4.2966 1.8137 12.1556
4.2986 1.8197 12.1626
4.3006 1.8257 12.1696
4.3026 1.8317 12.1766
4.3046 1.8376 12.1836
4.3066 1.8436 12.1906
4.3086 1.8495 12.1976
4.3106 1.8555 12.2046
4.3126 1.8614 12.2116
4.3146 1.8673 12.2186
4.3166 1.8732 12.2256
4.3186 1.8791 12.2326
4.3206 1.885 12.2396
4.3226 1.8908 12.2466
4.3246 1.8967 12.2536
4.3266 1.9026 12.2606
4.3286 1.9084 12.2676
4.3306 1.9142 12.2746
4.3326 1.9201 12.2816
4.3346 1.9259 12.2886
4.3366 1.9317 12.2956
4.3386 1.9375 12.3026
4.3406 1.9433 12.3096
4.3426 1.949 12.3166
4.3446 1.9548 12.3236
4.3466 1.9606 12.3306
4.3486 1.9663 12.3376
4.3506 1.972 12.3446
4.3526 1.9778 12.3516
4.3546 1.9835 12.3586
4.3566 1.9892 12.3656
4.3586 1.9949 12.3726
4.3606 2.0006 12.3796
4.3626 2.0062 12.3866
4.3646 2.0119 12.3936
4.3666 2.0176 12.4006
4.3686 2.0232 12.4076
4.3706 2.0288 12.4146
4.3726 2.0345 12.4216
4.3746 2.0401 12.4286
4.3766 2.0457 12.4356
4.3786 2.0513 12.4426
4.3806 2.0569 12.4496
4.3826 2.0625 12.4566
4.3846 2.068 12.4636
4.3866 2.0736 12.4706
4.3886 2.0791 12.4776
4.3906 2.0847 12.4846
4.3926 2.0902 12.4916
4.3946 2.0957 12.4986
4.3966 2.1012 12.5056
4.3986 2.1067 12.5126
4.4006 2.1122 12.5196
4.4026 2.1177 12.5266
4.4046 2.1232 12.5336
4.4066 2.1286 12.5406
4.4086 2.1341 12.5476
4.4106 2.1395 12.5546
4.4126 2.1449 12.5616
4.4146 2.1504 12.5686
4.4166 2.1558 12.5756
4.4186 2.1612 12.5826
4.4206 2.1666 12.5896
4.4226 2.172 12.5966
4.4246 2.1773 12.6036
4.4266 2.1827 12.6106
4.4286 2.188 12.6176
4.4306 2.1934 12.6246
4.4326 2.1987 12.6316
4.4346 2.204 12.6386
4.4366 2.2093 12.6456
4.4386 2.2147 12.6526
4.4406 2.2199 12.6596
4.4426 2.2252 12.6666
4.4446 2.2305 12.6736
4.4466 2.2358 12.6806
4.4486 2.241 12.6876
4.4506 2.2463 12.6946
4.4526 2.2515 12.7016
4.4546 2.2567 12.7086
4.4566 2.2619 12.7156
4.4586 2.2671 12.7226
4.4606 2.2723 12.7296
4.4626 2.2775 12.7366
4.4646 2.2827 12.7436
4.4666 2.2879 12.7506
4.4686 2.293 12.7576
4.4706 2.2982 12.7646
4.4726 2.3033 12.7716
4.4746 2.3084 12.7786
4.4766 2.3135 12.7856
4.4786 2.3187 12.7926
4.4806 2.3238 12.7996
4.4826 2.3288 12.8066
4.4846 2.3339 12.8136
4.4866 2.339 12.8206
4.4886 2.344 12.8276
4.4906 2.3491 12.8346
4.4926 2.3541 12.8416
4.4946 2.3592 12.8486
4.4966 2.3642 12.8556
4.4986 2.3692 12.8626
4.5006 2.3742 12.8696
4.5026 2.3792 12.8766
4.5046 2.3842 12.8836
4.5066 2.3891 12.8906
4.5086 2.3941 12.8976
4.5106 2.399 12.9046
4.5126 2.404 12.9116
4.5146 2.4089 12.9186
4.5166 2.4138 12.9256
4.5186 2.4187 12.9326
4.5206 2.4236 12.9396
4.5226 2.4285 12.9466
4.5246 2.4334 12.9536
4.5266 2.4383 12.9606
4.5286 2.4431 12.9676
4.5306 2.448 12.9746
4.5326 2.4528 12.9816
4.5346 2.4577 12.9886
4.5366 2.4625 12.9956
4.5386 2.4673 13.0026
4.5406 2.4721 13.0096
4.5426 2.4769 13.0166
4.5446 2.4817 13.0236
4.5466 2.4865 13.0306
4.5486 2.4912 13.0376
4.5506 2.496 13.0446
4.5526 2.5007 13.0516
4.5546 2.5054 13.0586
4.5566 2.5102 13.0656
4.5586 2.5149 13.0726
4.5606 2.5196 13.0796
4.5626 2.5243 13.0866
4.5646 2.529 13.0936
4.5666 2.5336 13.1006
4.5686 2.5383 13.1076
4.5706 2.543 13.1146
4.5726 2.5476 13.1216
4.5746 2.5523 13.1286
4.5766 2.5569 13.1356
4.5786 2.5615 13.1426
4.5806 2.5661 13.1496
4.5826 2.5707 13.1566
4.5846 2.5753 13.1636
4.5866 2.5799 13.1706
4.5886 2.5844 13.1776
4.5906 2.589 13.1846
4.5926 2.5935 13.1916
4.5946 2.5981 13.1986
4.5966 2.6026 13.2056
4.5986 2.6071 13.2126
4.6006 2.6116 13.2196
4.6026 2.6161 13.2266
4.6046 2.6206 13.2336
4.6066 2.6251 13.2406
4.6086 2.6296 13.2476
4.6106 2.634 13.2546
4.6126 2.6385 13.2616
4.6146 2.6429 13.2686
4.6166 2.6473 13.2756
4.6186 2.6518 13.2826
4.6206 2.6562 13.2896
4.6226 2.6606 13.2966
4.6246 2.665 13.3036
4.6266 2.6693 13.3106
4.6286 2.6737 13.3176
4.6306 2.6781 13.3246
4.6326 2.6824 13.3316
4.6346 2.6868 13.3386
4.6366 2.6911 13.3456
4.6386 2.6954 13.3526
4.6406 2.6997 13.3596
4.6426 2.704 13.3666
4.6446 2.7083 13.3736
4.6466 2.7126 13.3806
4.6486 2.7169 13.3876
4.6506 2.7212 13.3946
4.6526 2.7254 13.4016
4.6546 2.7296 13.4086
4.6566 2.7339 13.4156
4.6586 2.7381 13.4226
4.6606 2.7423 13.4296
4.6626 2.7465 13.4366
4.6646 2.7507 13.4436
4.6666 2.7549 13.4506
4.6686 2.7591 13.4576
4.6706 2.7632 13.4646
4.6726 2.7674 13.4716
4.6746 2.7715 13.4786
4.6766 2.7757 13.4856
4.6786 2.7798 13.4926
4.6806 2.7839 13.4996
4.6826 2.788 13.5066
4.6846 2.7921 13.5136
4.6866 2.7962 13.5206
4.6886 2.8003 13.5276
4.6906 2.8044 13.5346
4.6926 2.8084 13.5416
4.6946 2.8125 13.5486
4.6966 2.8165 13.5556
4.6986 2.8205 13.5626
4.7006 2.8245 13.5696
4.7026 2.8286 13.5766
4.7046 2.8326 13.5836
4.7066 2.8365 13.5906
4.7086 2.8405 13.5976
4.7106 2.8445 13.6046
4.7126 2.8484 13.6116
4.7146 2.8524 13.6186
4.7166 2.8563 13.6256
4.7186 2.8603 13.6326
4.7206 2.8642 13.6396
4.7226 2.8681 13.6466
4.7246 2.872 13.6536
4.7266 2.8759 13.6606
4.7286 2.8798 13.6676
4.7306 2.8836 13.6746
4.7326 2.8875 13.6816
4.7346 2.8914 13.6886
4.7366 2.8952 13.6956
4.7386 2.899 13.7026
4.7406 2.9028 13.7096
4.7426 2.9067 13.7166
4.7446 2.9105 13.7236
4.7466 2.9143 13.7306
4.7486 2.918 13.7376
4.7506 2.9218 13.7446
4.7526 2.9256 13.7516
4.7546 2.9293 13.7586
4.7566 2.9331 13.7656
4.7586 2.9368 13.7726
4.7606 2.9405 13.7796
4.7626 2.9442 13.7866
4.7646 2.9479 13.7936
4.7666 2.9516 13.8006
4.7686 2.9553 13.8076
4.7706 2.959 13.8146
4.7726 2.9627 13.8216
4.7746 2.9663 13.8286
4.7766 2.97 13.8356
4.7786 2.9736 13.8426
4.7806 2.9772 13.8496
4.7826 2.9808 13.8566
4.7846 2.9844 13.8636
4.7866 2.988 13.8706
4.7886 2.9916 13.8776
4.7906 2.9952 13.8846
4.7926 2.9988 13.8916
4.7946 3.0023 13.8986
4.7966 3.0059 13.9056
4.7986 3.0094 13.9126
4.8006 3.0129 13.9196
4.8026 3.0165 13.9266
4.8046 3.02 13.9336
4.8066 3.0235 13.9406
4.8086 3.0269 13.9476
4.8106 3.0304 13.9546
4.8126 3.0339 13.9616
4.8146 3.0374 13.9686
4.8166 3.0408 13.9756
4.8186 3.0442 13.9826
4.8206 3.0477 13.9896
4.8226 3.0511 13.9966
4.8246 3.0545 14.0036
4.8266 3.0579 14.0106
4.8286 3.0613 14.0176
4.8306 3.0647 14.0246
4.8326 3.068 14.0316
4.8346 3.0714 14.0386
4.8366 3.0748 14.0456
4.8386 3.0781 14.0526
4.8406 3.0814 14.0596
4.8426 3.0847 14.0666
4.8446 3.0881 14.0736
4.8466 3.0914 14.0806
4.8486 3.0947 14.0876
4.8506 3.0979 14.0946
4.8526 3.1012 14.1016
4.8546 3.1045 14.1086
4.8566 3.1077 14.1156
4.8586 3.111 14.1226
4.8606 3.1142 14.1296
4.8626 3.1174 14.1366
4.8646 3.1206 14.1436
4.8666 3.1238 14.1506
4.8686 3.127 14.1576
4.8706 3.1302 14.1646
4.8726 3.1334 14.1716
4.8746 3.1366 14.1786
4.8766 3.1397 14.1856
4.8786 3.1429 14.1926
4.8806 3.146 14.1996
4.8826 3.1491 14.2066
4.8846 3.1522 14.2136
4.8866 3.1553 14.2206
4.8886 3.1584 14.2276
4.8906 3.1615 14.2346
4.8926 3.1646 14.2416
4.8946 3.1677 14.2486
4.8966 3.1707 14.2556
4.8986 3.1738 14.2626
4.9006 3.1768 14.2696
4.9026 3.1798 14.2766
4.9046 3.1828 14.2836
4.9066 3.1859 14.2906
4.9086 3.1889 14.2976
4.9106 3.1918 14.3046
4.9126 3.1948 14.3116
4.9146 3.1978 14.3186
4.9166 3.2007 14.3256
4.9186 3.2037 14.3326
4.9206 3.2066 14.3396
4.9226 3.2096 14.3466
4.9246 3.2125 14.3537
4.9266 3.2154 14.3607
4.9286 3.2183 14.3677
4.9306 3.2212 14.3747
4.9326 3.2241 14.3817
4.9346 3.2269 14.3887
4.9366 3.2298 14.3957
4.9386 3.2326 14.4027
4.9406 3.2355 14.4097
4.9426 3.2383 14.4167
4.9446 3.2411 14.4237
4.9466 3.2439 14.4307
4.9486 3.2467 14.4377
4.9506 3.2495 14.4447
4.9526 3.2523 14.4517
4.9546 3.2551 14.4587
4.9566 3.2579 14.4657
4.9586 3.2606 14.4727
4.9606 3.2633 14.4797
4.9626 3.2661 14.4867
4.9646 3.2688 14.4937
4.9666 3.2715 14.5007
4.9686 3.2742 14.5077
4.9706 3.2769 14.5147
4.9726 3.2796 14.5217
4.9746 3.2823 14.5287
4.9766 3.2849 14.5357
4.9786 3.2876 14.5427
4.9806 3.2902 14.5497
4.9826 3.2929 14.5567
4.9846 3.2955 14.5637
4.9866 3.2981 14.5707
4.9886 3.3007 14.5777
4.9906 3.3033 14.5847
4.9926 3.3059 14.5917
4.9946 3.3085 14.5987
4.9966 3.311 14.6057
4.9986 3.3136 14.6127
5.0006 3.3161 14.6197
5.0026 3.3187 14.6267
5.0046 3.3212 14.6337
5.0066 3.3237 14.6407
5.0086 3.3262 14.6477
5.0106 3.3287 14.6547
5.0126 3.3312 14.6617
5.0146 3.3337 14.6687
5.0166 3.3362 14.6757
5.0186 3.3386 14.6827
5.0206 3.3411 14.6897
5.0226 3.3435 14.6967
5.0246 3.3459 14.7037
5.0266 3.3483 14.7107
5.0286 3.3508 14.7177
5.0306 3.3532 14.7247
5.0326 3.3555 14.7317
5.0346 3.3579 14.7387
5.0366 3.3603 14.7457
5.0386 3.3627 14.7527
5.0406 3.365 14.7597
5.0426 3.3673 14.7667
5.0446 3.3697 14.7737
5.0466 3.372 14.7807
5.0486 3.3743 14.7877
5.0506 3.3766 14.7947
5.0526 3.3789 14.8017
5.0546 3.3812 14.8087
5.0566 3.3835 14.8157
5.0586 3.3857 14.8227
5.0606 3.388 14.8297
5.0626 3.3902 14.8367
5.0646 3.3924 14.8437
5.0666 3.3947 14.8507
5.0686 3.3969 14.8577
5.0706 3.3991 14.8647
5.0726 3.4013 14.8717
5.0746 3.4035 14.8787
5.0766 3.4056 14.8857
5.0786 3.4078 14.8927
5.0806 3.4099 14.8997
5.0826 3.4121 14.9067
5.0846 3.4142 14.9137
5.0866 3.4164 14.9207
5.0886 3.4185 14.9277
5.0906 3.4206 14.9347
5.0926 3.4227 14.9417
5.0946 3.4248 14.9487
5.0966 3.4268 14.9557
5.0986 3.4289 14.9627
5.1006 3.431 14.9697
5.1026 3.433 14.9767
5.1046 3.435 14.9837
5.1066 3.4371 14.9907
5.1086 3.4391 14.9977
5.1106 3.4411 15.0047
5.1126 3.4431 15.0117
5.1146 3.4451 15.0187
5.1166 3.447 15.0257
5.1186 3.449 15.0327
5.1206 3.451 15.0397
5.1226 3.4529 15.0467
5.1246 3.4549 15.0537
5.1266 3.4568 15.0607
5.1286 3.4587 15.0677
5.1306 3.4606 15.0747
5.1326 3.4625 15.0817
5.1346 3.4644 15.0887
5.1366 3.4663 15.0957
5.1386 3.4681 15.1027
5.1406 3.47 15.1097
5.1426 3.4719 15.1167
5.1446 3.4737 15.1237
5.1466 3.4755 15.1307
5.1486 3.4773 15.1377
5.1506 3.4792 15.1447
5.1526 3.481 15.1517
5.1546 3.4827 15.1587
5.1566 3.4845 15.1657
5.1586 3.4863 15.1727
5.1606 3.4881 15.1797
5.1626 3.4898 15.1867
5.1646 3.4916 15.1937
5.1666 3.4933 15.2007
5.1686 3.495 15.2077
5.1706 3.4967 15.2147
5.1726 3.4984 15.2217
5.1746 3.5001 15.2287
5.1766 3.5018 15.2357
5.1786 3.5035 15.2427
5.1806 3.5051 15.2497
5.1826 3.5068 15.2567
5.1846 3.5084 15.2637
5.1866 3.5101 15.2707
5.1886 3.5117 15.2777
5.1906 3.5133 15.2847
5.1926 3.5149 15.2917
5.1946 3.5165 15.2987
5.1966 3.5181 15.3057
5.1986 3.5197 15.3127
5.2006 3.5212 15.3197
5.2026 3.5228 15.3267
5.2046 3.5243 15.3337
5.2066 3.5259 15.3407
5.2086 3.5274 15.3477
5.2106 3.5289 15.3547
5.2126 3.5304 15.3617
5.2146 3.5319 15.3687
5.2166 3.5334 15.3757
5.2186 3.5349 15.3827
5.2206 3.5363 15.3897
5.2226 3.5378 15.3967
5.2246 3.5393 15.4037
5.2266 3.5407 15.4107
5.2286 3.5421 15.4177
5.2306 3.5435 15.4247
5.2326 3.5449 15.4317
5.2346 3.5463 15.4387
5.2366 3.5477 15.4457
5.2386 3.5491 15.4527
5.2406 3.5505 15.4597
5.2426 3.5518 15.4667
5.2446 3.5532 15.4737
5.2466 3.5545 15.4807
5.2486 3.5559 15.4877
5.2506 3.5572 15.4947
5.2526 3.5585 15.5017
5.2546 3.5598 15.5087
5.2566 3.5611 15.5157
5.2586 3.5624 15.5227
5.2606 3.5636 15.5297
5.2626 3.5649 15.5367
5.2646 3.5661 15.5437
5.2666 3.5674 15.5507
5.2686 3.5686 15.5577
5.2706 3.5698 15.5647
5.2726 3.5711 15.5717
5.2746 3.5723 15.5787
5.2766 3.5734 15.5857
5.2786 3.5746 15.5927
5.2806 3.5758 15.5997
5.2826 3.577 15.6067
5.2846 3.5781 15.6137
5.2866 3.5793 15.6207
5.2886 3.5804 15.6277
5.2906 3.5815 15.6347
5.2926 3.5826 15.6417
5.2946 3.5837 15.6487
5.2966 3.5848 15.6557
5.2986 3.5859 15.6627
5.3006 3.587 15.6697
5.3026 3.5881 15.6767
5.3046 3.5891 15.6837
5.3066 3.5902 15.6907
5.3086 3.5912 15.6977
5.3106 3.5922 15.7047
5.3126 3.5932 15.7117
5.3146 3.5942 15.7187
5.3166 3.5952 15.7257
5.3186 3.5962 15.7327
5.3206 3.5972 15.7397
5.3226 3.5982 15.7467
5.3246 3.5991 15.7537
5.3266 3.6001 15.7607
5.3286 3.601 15.7677
5.3306 3.6019 15.7747
5.3326 3.6029 15.7817
5.3346 3.6038 15.7887
5.3366 3.6047 15.7957
5.3386 3.6055 15.8027
5.3406 3.6064 15.8097
5.3426 3.6073 15.8167
5.3446 3.6082 15.8237
5.3466 3.609 15.8307
5.3486 3.6098 15.8377
5.3506 3.6107 15.8447
5.3526 3.6115 15.8517
5.3546 3.6123 15.8587
5.3566 3.6131 15.8657
5.3586 3.6139 15.8727
5.3606 3.6147 15.8797
5.3626 3.6154 15.8867
5.3646 3.6162 15.8937
5.3666 3.617 15.9007
5.3686 3.6177 15.9077
5.3706 3.6184 15.9147
5.3726 3.6192 15.9217
5.3746 3.6199 15.9287
5.3766 3.6206 15.9357
5.3786 3.6213 15.9427
5.3806 3.6219 15.9497
5.3826 3.6226 15.9567
5.3846 3.6233 15.9637
5.3866 3.6239 15.9707
5.3886 3.6246 15.9777
5.3906 3.6252 15.9847
5.3926 3.6258 15.9917
5.3946 3.6264 15.9987
5.3966 3.627 16.0057
5.3986 3.6276 16.0127
5.4006 3.6282 16.0197
5.4026 3.6288 16.0267
5.4046 3.6294 16.0337
5.4066 3.6299 16.0407
5.4086 3.6305 16.0477
5.4106 3.631 16.0547
5.4126 3.6315 16.0617
5.4146 3.632 16.0687
5.4166 3.6325 16.0757
5.4186 3.633 16.0827
5.4206 3.6335 16.0897
5.4226 3.634 16.0967
5.4246 3.6345 16.1037
5.4266 3.6349 16.1107
5.4286 3.6354 16.1177
5.4306 3.6358 16.1247
5.4326 3.6362 16.1317
5.4346 3.6367 16.1387
5.4366 3.6371 16.1457
5.4386 3.6375 16.1527
5.4406 3.6378 16.1597
5.4426 3.6382 16.1667
5.4446 3.6386 16.1737
5.4466 3.639 16.1807
5.4486 3.6393 16.1877
5.4506 3.6396 16.1947
5.4526 3.64 16.2017
5.4546 3.6403 16.2087
5.4566 3.6406 16.2157
5.4586 3.6409 16.2227
5.4606 3.6412 16.2297
5.4626 3.6415 16.2367
5.4646 3.6417 16.2437
5.4666 3.642 16.2507
5.4686 3.6423 16.2577
5.4706 3.6425 16.2647
5.4726 3.6427 16.2717
5.4746 3.6429 16.2787
5.4766 3.6432 16.2857
5.4786 3.6434 16.2927
5.4806 3.6435 16.2997
5.4826 3.6437 16.3067
5.4846 3.6439 16.3137
5.4866 3.6441 16.3207
5.4886 3.6442 16.3277
5.4906 3.6444 16.3347
5.4926 3.6445 16.3417
5.4946 3.6446 16.3487
5.4966 3.6447 16.3557
5.4986 3.6448 16.3627
5.5006 3.6449 16.3697
5.5026 3.645 16.3767
5.5046 3.6451 16.3837
5.5066 3.6452 16.3907
5.5086 3.6452 16.3977
5.5106 3.6452 16.4047
5.5126 3.6453 16.4117
5.5146 3.6453 16.4187
5.5166 3.6453 16.4257
5.5186 3.6453 16.4327
5.5206 3.6453 16.4397
5.5226 3.6453 16.4467
5.5246 3.6453 16.4537
5.5266 3.6453 16.4607
5.5286 3.6452 16.4677
5.5306 3.6452 16.4747
5.5326 3.6451 16.4817
5.5346 3.645 16.4887
5.5366 3.6449 16.4957
5.5386 3.6448 16.5027
5.5406 3.6447 16.5097
5.5426 3.6446 16.5167
5.5446 3.6445 16.5237
5.5466 3.6444 16.5307
5.5486 3.6442 16.5377
5.5506 3.6441 16.5447
5.5526 3.6439 16.5517
5.5546 3.6438 16.5587
5.5566 3.6436 16.5657
5.5586 3.6434 16.5727
5.5606 3.6432 16.5797
5.5626 3.643 16.5867
5.5646 3.6427 16.5937
5.5666 3.6425 16.6007
5.5686 3.6423 16.6077
5.5706 3.642 16.6147
5.5726 3.6418 16.6217
5.5746 3.6415 16.6287
5.5766 3.6412 16.6357
5.5786 3.6409 16.6427
5.5806 3.6406 16.6497
5.5826 3.6403 16.6567
5.5846 3.64 16.6637
5.5866 3.6397 16.6707
5.5886 3.6393 16.6777
5.5906 3.639 16.6847
5.5926 3.6386 16.6917
5.5946 3.6383 16.6987
5.5966 3.6379 16.7057
5.5986 3.6375 16.7127
5.6006 3.6371 16.7197
5.6026 3.6367 16.7267
5.6046 3.6363 16.7337
5.6066 3.6359 16.7407
5.6086 3.6354 16.7477
5.6106 3.635 16.7547
5.6126 3.6345 16.7617
5.6146 3.6341 16.7687
5.6166 3.6336 16.7757
5.6186 3.6331 16.7827
5.6206 3.6326 16.7897
5.6226 3.6321 16.7967
5.6246 3.6316 16.8037
5.6266 3.6311 16.8107
5.6286 3.6305 16.8177
5.6306 3.63 16.8247
5.6326 3.6294 16.8317
5.6346 3.6289 16.8387
5.6366 3.6283 16.8457
5.6386 3.6277 16.8527
5.6406 3.6271 16.8597
5.6426 3.6265 16.8667
5.6446 3.6259 16.8737
5.6466 3.6253 16.8807
5.6486 3.6246 16.8877
5.6506 3.624 16.8947
5.6526 3.6233 16.9017
5.6546 3.6227 16.9087
5.6566 3.622 16.9157
5.6586 3.6213 16.9227
5.6606 3.6206 16.9297
5.6626 3.6199 16.9367
5.6646 3.6192 16.9437
5.6666 3.6185 16.9507
5.6686 3.6178 16.9577
5.6706 3.617 16.9647
5.6726 3.6163 16.9717
5.6746 3.6155 16.9787
5.6766 3.6148 16.985
5.6766 3.6148 16.985
5.6766 3.6148 16.985
5.6766 3.6148 16.985
5.6766 3.6148 16.985
5.6766 3.6148 16.985
5.6766 3.6148 16.985
5.6766 3.6148 16.985
5.6766 3.6148 16.985
5.6766 3.6148 16.985
5.6766 3.6148 16.985
5.6766 3.6148 16.985
5.6766 3.6148 16.985
5.6766 3.6148 16.985
5.6766 3.6148 16.985
5.6766 3.6148 16.985
5.6766 3.6148 16.985
5.6766 3.6148 16.985
5.6766 3.6148 16.985
5.6766 3.6148 16.985
5.6766 3.6148 16.985
5.6766 3.6148 16.985
5.6766 3.6148 16.985
5.6766 3.6148 16.985
5.6766 3.6148 16.985
5.6766 3.6148 16.985
5.6766 3.6148 16.985
5.6766 3.6148 16.985
5.6766 3.6148 16.985
5.6766 3.6148 16.985
5.6766 3.6148 16.985
5.6766 3.6148 16.985
5.6766 3.6148 16.985
5.6766 3.6148 16.985
5.6766 3.6148 16.985
5.6766 3.6148 16.985
5.6766 3.6148 16.985
5.6766 3.6148 16.985
5.6766 3.6148 16.985
5.6766 3.6148 16.985
5.6766 3.6148 16.985
5.6766 3.6148 16.985
5.6766 3.6148 16.985
5.6766 3.6148 16.985
5.6766 3.6148 16.985
5.6766 3.6148 16.985
5.6766 3.6148 16.985
5.6766 3.6148 16.985
5.6766 3.6148 16.985
5.6766 3.6148 16.985
5.6766 3.6148 16.985
5.6766 3.6148 16.985
5.6766 3.6148 16.985
5.6766 3.6148 16.985
5.6766 3.6148 16.985
5.6766 3.6148 16.985
5.6766 3.6148 16.985
5.6766 3.6148 16.985
5.6766 3.6148 16.985
5.6766 3.6148 16.985
5.6766 3.6148 16.985
5.6766 3.6148 16.985
5.6766 3.6148 16.985
5.6766 3.6148 16.985
5.6766 3.6148 16.985
5.6766 3.6148 16.985
5.6766 3.6148 16.985
5.6766 3.6148 16.985
5.6766 3.6148 16.985
5.6766 3.6148 16.985
5.6766 3.6148 16.985
5.6766 3.6148 16.985
5.6766 3.6148 16.985
5.6766 3.6148 16.985
5.6766 3.6148 16.985
5.6766 3.6148 16.985
5.6766 3.6148 16.985
5.6766 3.6148 16.985
5.6766 3.6148 16.985
5.6766 3.6148 16.985
5.6766 3.6148 16.985
5.6766 3.6148 16.985
5.6766 3.6148 16.985
5.6766 3.6148 16.985
5.6766 3.6148 16.985
5.6766 3.6148 16.985
5.6766 3.6148 16.985
5.6766 3.6148 16.985
5.6766 3.6148 16.985
5.6766 3.6148 16.985
5.6766 3.6148 16.985
5.6766 3.6148 16.985
5.6766 3.6148 16.985
5.6766 3.6148 16.985
5.6766 3.6148 16.985
5.6766 3.6148 16.985
5.6766 3.6148 16.985
5.6766 3.6148 16.985
5.6766 3.6148 16.985
5.6766 3.6148 16.985
5.6766 3.6148 16.985
5.6766 3.6148 16.985
5.6766 3.6148 16.985
5.6766 3.6148 16.985
5.6766 3.6148 16.985
5.6766 3.6148 16.985
5.6766 3.6148 16.985
5.6766 3.6148 16.985
5.6766 3.6148 16.985
5.6766 3.6148 16.985
5.6766 3.6148 16.985
5.6766 3.6148 16.985
5.6766 3.6148 16.985
5.6766 3.6148 16.985
5.6766 3.6148 16.985
5.6766 3.6148 16.985
5.6766 3.6148 16.985
5.6766 3.6148 16.985
5.6766 3.6148 16.985
5.6766 3.6148 16.985
5.6766 3.6148 16.985
5.6766 3.6148 16.985
5.6766 3.6148 16.985
5.6766 3.6148 16.985
5.6766 3.6148 16.985
5.6766 3.6148 16.985
5.6766 3.6148 16.985
5.6766 3.6148 16.985
5.6766 3.6148 16.985
5.6766 3.6148 16.985
5.6766 3.6148 16.985
5.6766 3.6148 16.985
5.6766 3.6148 16.985
5.6766 3.6148 16.985
5.6766 3.6148 16.985
5.6766 3.6148 16.985
5.6766 3.6148 16.985
5.6766 3.6148 16.985
5.6766 3.6148 16.985
5.6766 3.6148 16.985
5.6766 3.6148 16.985
5.6766 3.6148 16.985
5.6766 3.6148 16.985
5.6766 3.6148 16.985
5.6766 3.6148 16.985
5.6766 3.6148 16.985
5.6766 3.6148 16.985
5.6766 3.6148 16.985
5.6766 3.6148 16.985
5.6766 3.6148 16.985
5.6766 3.6148 16.985
5.6766 3.6148 16.985
5.6766 3.6148 16.985
5.6766 3.6148 16.985
5.6766 3.6148 16.985
5.6766 3.6148 16.985
5.6766 3.6148 16.985
5.6766 3.6148 16.985
5.6766 3.6148 16.985
5.6766 3.6148 16.985
5.6766 3.6148 16.985
5.6766 3.6148 16.985
5.6766 3.6148 16.985
5.6766 3.6148 16.985
5.6766 3.6148 16.985
5.6766 3.6148 16.985
5.6766 3.6148 16.985
5.6766 3.6148 16.985
5.6766 3.6148 16.985
5.6766 3.6148 16.985
5.6766 3.6148 16.985
5.6766 3.6148 16.985
5.6766 3.6148 16.985
5.6766 3.6148 16.985
5.6766 3.6148 16.985
5.6766 3.6148 16.985
5.6766 3.6148 16.985
5.6766 3.6148 16.985
5.6766 3.6148 16.985
5.6766 3.6148 16.985
5.6766 3.6148 16.985
5.6766 3.6148 16.985
5.6766 3.6148 16.985
5.6766 3.6148 16.985
5.6766 3.6148 16.985
5.6766 3.6148 16.985
5.6766 3.6148 16.985
5.6766 3.6148 16.985
5.6766 3.6148 16.985
5.6766 3.6148 16.985
5.6766 3.6148 16.985
5.6766 3.6148 16.985
5.6766 3.6148 16.985
5.6766 3.6148 16.985
5.6766 3.6148 16.985
5.6766 3.6148 16.985
5.6766 3.6148 16.985
5.6766 3.6148 16.985
5.6766 3.6148 16.985
5.6766 3.6148 16.985
5.6766 3.6148 16.985
5.6766 3.6148 16.985
5.6766 3.6148 16.985
5.6766 3.6148 16.985
5.6766 3.6148 16.985
5.6766 3.6148 16.985
5.6766 3.6148 16.985
5.6766 3.6148 16.985
5.6766 3.6148 16.985
5.6766 3.6148 16.985
5.6766 3.6148 16.985
5.6766 3.6148 16.985
5.6766 3.6148 16.985
5.6766 3.6148 16.985
5.6766 3.6148 16.985
5.6766 3.6148 16.985
5.6766 3.6148 16.985
5.6766 3.6148 16.985
5.6766 3.6148 16.985
5.6766 3.6148 16.985
5.6766 3.6148 16.985
5.6766 3.6148 16.985
5.6766 3.6148 16.985
5.6766 3.6148 16.985
5.6766 3.6148 16.985
5.6766 3.6148 16.985
5.6766 3.6148 16.985
5.6766 3.6148 16.985
5.6766 3.6148 16.985
5.6766 3.6148 16.985
5.6766 3.6148 16.985
5.6766 3.6148 16.985
5.6766 3.6148 16.985
5.6766 3.6148 16.985
5.6766 3.6148 16.985
5.6766 3.6148 16.985
5.6766 3.6148 16.985
5.6766 3.6148 16.985
5.6766 3.6148 16.985
5.6766 3.6148 16.985
5.6766 3.6148 16.985
5.6766 3.6148 16.985
5.6766 3.6148 16.985
5.6766 3.6148 16.985
5.6766 3.6148 16.985
5.6766 3.6148 16.985
5.6766 3.6148 16.985
5.6766 3.6148 16.985
5.6766 3.6148 16.985
5.6766 3.6148 16.985
5.6766 3.6148 16.985
5.6766 3.6148 16.985
5.6766 3.6148 16.985
5.6766 3.6148 16.985
5.6766 3.6148 16.985
5.6766 3.6148 16.985
5.6766 3.6148 16.985
5.6766 3.6148 16.985
5.6766 3.6148 16.985
5.6766 3.6148 16.985
5.6766 3.6148 16.985
5.6766 3.6148 16.985
5.6766 3.6148 16.985
5.6766 3.6148 16.985
5.6766 3.6148 16.985
5.6766 3.6148 16.985
5.6766 3.6148 16.985
5.6766 3.6148 16.985
5.6766 3.6148 16.985
5.6766 3.6148 16.985
5.6766 3.6148 16.985
5.6766 3.6148 16.985
5.6766 3.6148 16.985
5.6766 3.6148 16.985
5.6766 3.6148 16.985
5.6766 3.6148 16.985
5.6766 3.6148 16.985
5.6766 3.6148 16.985
5.6766 3.6148 16.985
5.6766 3.6148 16.985
5.6766 3.6148 16.985
5.6766 3.6148 16.985
5.6766 3.6148 16.985
5.6766 3.6148 16.985
5.6766 3.6148 16.985
5.6766 3.6148 16.985
5.6766 3.6148 16.985
5.6766 3.6148 16.985
5.6766 3.6148 16.985
5.6766 3.6148 16.985
5.6766 3.6148 16.985
5.6766 3.6148 16.985
5.6766 3.6148 16.985
5.6766 3.6148 16.985
5.6766 3.6148 16.985
5.6766 3.6148 16.985
5.6766 3.6148 16.985
5.6766 3.6148 16.985
5.6766 3.6148 16.985
5.6766 3.6148 16.985
5.6766 3.6148 16.985
5.6766 3.6148 16.985
5.6766 3.6148 16.985
5.6766 3.6148 16.985
5.6766 3.6148 16.985
5.6766 3.6148 16.985
5.6766 3.6148 16.985
5.6766 3.6148 16.985
5.6766 3.6148 16.985
5.6766 3.6148 16.985
5.6766 3.6148 16.985
5.6766 3.6148 16.985
5.6766 3.6148 16.985
5.6766 3.6148 16.985
5.6766 3.6148 16.985
5.6766 3.6148 16.985
5.6766 3.6148 16.985
5.6766 3.6148 16.985
5.6766 3.6148 16.985
5.6766 3.6148 16.985
5.6766 3.6148 16.985
5.6766 3.6148 16.985
5.6766 3.6148 16.985
5.6766 3.6148 16.985
5.6766 3.6148 16.985
5.6766 3.6148 16.985
5.6766 3.6148 16.985
5.6766 3.6148 16.985
5.6766 3.6148 16.985
5.6766 3.6148 16.985
5.6766 3.6148 16.985
5.6766 3.6148 16.985
5.6766 3.6148 16.985
5.6766 3.6148 16.985
5.6766 3.6148 16.985
5.6766 3.6148 16.985
5.6766 3.6148 16.985
5.6766 3.6148 16.985
5.6766 3.6148 16.985
5.6766 3.6148 16.985
5.6766 3.6148 16.985
5.6766 3.6148 16.985
5.6766 3.6148 16.985
5.6766 3.6148 16.985
5.6766 3.6148 16.985
5.6766 3.6148 16.985
5.6766 3.6148 16.985
5.6766 3.6148 16.985
5.6766 3.6148 16.985
5.6766 3.6148 16.985
5.6766 3.6148 16.985
5.6766 3.6148 16.985
5.6766 3.6148 16.985
5.6766 3.6148 16.985
5.6766 3.6148 16.985
5.6766 3.6148 16.985
5.6766 3.6148 16.985
5.6766 3.6148 16.985
5.6766 3.6148 16.985
5.6766 3.6148 16.985
5.6766 3.6148 16.985
5.6766 3.6148 16.985
5.6766 3.6148 16.985
5.6766 3.6148 16.985
5.6766 3.6148 16.985
5.6766 3.6148 16.985
5.6766 3.6148 16.985
5.6766 3.6148 16.985
5.6766 3.6148 16.985
5.6766 3.6148 16.985
5.6766 3.6148 16.985
5.6766 3.6148 16.985
5.6766 3.6148 16.985
5.6766 3.6148 16.985
5.6766 3.6148 16.985
5.6766 3.6148 16.985
5.6766 3.6148 16.985
5.6766 3.6148 16.985
5.6766 3.6148 16.985
5.6766 3.6148 16.985
5.6766 3.6148 16.985
5.6766 3.6148 16.985
5.6766 3.6148 16.985
5.6766 3.6148 16.985
5.6766 3.6148 16.985
5.6766 3.6148 16.985
5.6766 3.6148 16.985
5.6766 3.6148 16.985
5.6766 3.6148 16.985
5.6766 3.6148 16.985
5.6766 3.6148 16.985
5.6766 3.6148 16.985
5.6766 3.6148 16.985
5.6766 3.6148 16.985
5.6766 3.6148 16.985
5.6766 3.6148 16.985
5.6766 3.6148 16.985
5.6766 3.6148 16.985
5.6766 3.6148 16.985
5.6766 3.6148 16.985
5.6766 3.6148 16.985
5.6766 3.6148 16.985
5.6766 3.6148 16.985
5.6766 3.6148 16.985
5.6766 3.6148 16.985
5.6766 3.6148 16.985
5.6766 3.6148 16.985
5.6766 3.6148 16.985
5.6766 3.6148 16.985
5.6766 3.6148 16.985
5.6766 3.6148 16.985
5.6766 3.6148 16.985
5.6766 3.6148 16.985
5.6766 3.6148 16.985
5.6766 3.6148 16.985
5.6766 3.6148 16.985
5.6766 3.6148 16.985
5.6766 3.6148 16.985
5.6766 3.6148 16.985
5.6766 3.6148 16.985
5.6766 3.6148 16.985
5.6766 3.6148 16.985
5.6766 3.6148 16.985
5.6766 3.6148 16.985
5.6766 3.6148 16.985
5.6766 3.6148 16.985
5.6766 3.6148 16.985
5.6766 3.6148 16.985
5.6766 3.6148 16.985
5.6766 3.6148 16.985
5.6766 3.6148 16.985
5.6766 3.6148 16.985
5.6766 3.6148 16.985
5.6766 3.6148 16.985
5.6766 3.6148 16.985
5.6766 3.6148 16.985
5.6766 3.6148 16.985
5.6766 3.6148 16.985
5.6766 3.6148 16.985
5.6766 3.6148 16.985
5.6766 3.6148 16.985
5.6766 3.6148 16.985
5.6766 3.6148 16.985
5.6766 3.6148 16.985
5.6766 3.6148 16.985
5.6766 3.6148 16.985
5.6766 3.6148 16.985
5.6766 3.6148 16.985
5.6766 3.6148 16.985
5.6766 3.6148 16.985
5.6766 3.6148 16.985
5.6766 3.6148 16.985
5.6766 3.6148 16.985
5.6766 3.6148 16.985
5.6766 3.6148 16.985
5.6766 3.6148 16.985
5.6766 3.6148 16.985
5.6766 3.6148 16.985
5.6766 3.6148 16.985
5.6766 3.6148 16.985
5.6766 3.6148 16.985
5.6766 3.6148 16.985
5.6766 3.6148 16.985
5.6766 3.6148 16.985
5.6766 3.6148 16.985
5.6766 3.6148 16.985
5.6766 3.6148 16.985
5.6766 3.6148 16.985
5.6766 3.6148 16.985
5.6766 3.6148 16.985
5.6766 3.6148 16.985
5.6766 3.6148 16.985
5.6766 3.6148 16.985
5.6766 3.6148 16.985
5.6766 3.6148 16.985
5.6766 3.6148 16.985
5.6766 3.6148 16.985
5.6766 3.6148 16.985
5.6766 3.6148 16.985
5.6766 3.6148 16.985
5.6766 3.6148 16.985
5.6766 3.6148 16.985
5.6766 3.6148 16.985
5.6766 3.6148 16.985
5.6766 3.6148 16.985
5.6766 3.6148 16.985
5.6766 3.6148 16.985
5.6766 3.6148 16.985
5.6766 3.6148 16.985
5.6766 3.6148 16.985
5.6766 3.6148 16.985
5.6766 3.6148 16.985
5.6766 3.6148 16.985
5.6766 3.6148 16.985
5.6766 3.6148 16.985
5.6766 3.6148 16.985
5.6766 3.6148 16.985
5.6766 3.6148 16.985
5.6766 3.6148 16.985
5.6766 3.6148 16.985
5.6766 3.6148 16.985
5.6766 3.6148 16.985
5.6766 3.6148 16.985
5.6766 3.6148 16.985
5.6766 3.6148 16.985
5.6766 3.6148 16.985
5.6766 3.6148 16.985
5.6766 3.6148 16.985
5.6766 3.6148 16.985
5.6766 3.6148 16.985
5.6766 3.6148 16.985
5.6766 3.6148 16.985
5.6766 3.6148 16.985
5.6766 3.6148 16.985
5.6766 3.6148 16.985
5.6766 3.6148 16.985
5.6766 3.6148 16.985
5.6766 3.6148 16.985
5.6766 3.6148 16.985
5.6766 3.6148 16.985
5.6766 3.6148 16.985
5.6766 3.6148 16.985
5.6766 3.6148 16.985
5.6766 3.6148 16.985
5.6766 3.6148 16.985
5.6766 3.6148 16.985
5.6766 3.6148 16.985
5.6766 3.6148 16.985
5.6766 3.6148 16.985
5.6766 3.6148 16.985
5.6766 3.6148 16.985
5.6766 3.6148 16.985
5.6766 3.6148 16.985
5.6766 3.6148 16.985
5.6766 3.6148 16.985
5.6766 3.6148 16.985
5.6766 3.6148 16.985
5.6766 3.6148 16.985
5.6766 3.6148 16.985
5.6766 3.6148 16.985
5.6766 3.6148 16.985
5.6766 3.6148 16.985
5.6766 3.6148 16.985
5.6766 3.6148 16.985
5.6766 3.6148 16.985
5.6766 3.6148 16.985
5.6766 3.6148 16.985
5.6766 3.6148 16.985
5.6766 3.6148 16.985
5.6766 3.6148 16.985
5.6766 3.6148 16.985
5.6766 3.6148 16.985
5.6766 3.6148 16.985
5.6766 3.6148 16.985
5.6766 3.6148 16.985
5.6766 3.6148 16.985
5.6766 3.6148 16.985
5.6766 3.6148 16.985
5.6766 3.6148 16.985
5.6766 3.6148 16.985
5.6766 3.6148 16.985
5.6766 3.6148 16.985
5.6766 3.6148 16.985
5.6766 3.6148 16.985
5.6766 3.6148 16.985
5.6766 3.6148 16.985
5.6766 3.6148 16.985
5.6766 3.6148 16.985
5.6766 3.6148 16.985
5.6766 3.6148 16.985
5.6766 3.6148 16.985
5.6766 3.6148 16.985
5.6766 3.6148 16.985
5.6766 3.6148 16.985
5.6766 3.6148 16.985
5.6766 3.6148 16.985
5.6766 3.6148 16.985
5.6766 3.6148 16.985
5.6766 3.6148 16.985
5.6766 3.6148 16.985
5.6766 3.6148 16.985
5.6766 3.6148 16.985
5.6766 3.6148 16.985
5.6766 3.6148 16.985
5.6766 3.6148 16.985
5.6766 3.6148 16.985
5.6766 3.6148 16.985
5.6766 3.6148 16.985
5.6766 3.6148 16.985
5.6766 3.6148 16.985
5.6766 3.6148 16.985
5.6766 3.6148 16.985
5.6766 3.6148 16.985
5.6766 3.6148 16.985
5.6766 3.6148 16.985
5.6766 3.6148 16.985
5.6766 3.6148 16.985
5.6766 3.6148 16.985
5.6766 3.6148 16.985
5.6766 3.6148 16.985
5.6766 3.6148 16.985
5.6766 3.6148 16.985
5.6766 3.6148 16.985
5.6766 3.6148 16.985
5.6766 3.6148 16.985
5.6766 3.6148 16.985
5.6766 3.6148 16.985
5.6766 3.6148 16.985
5.6766 3.6148 16.985
5.6766 3.6148 16.985
5.6766 3.6148 16.985
5.6766 3.6148 16.985
5.6766 3.6148 16.985
5.6766 3.6148 16.985
5.6766 3.6148 16.985
5.6766 3.6148 16.985
5.6766 3.6148 16.985
5.6766 3.6148 16.985
5.6766 3.6148 16.985
5.6766 3.6148 16.985
5.6766 3.6148 16.985
5.6766 3.6148 16.985
5.6766 3.6148 16.985
5.6766 3.6148 16.985
5.6766 3.6148 16.985
5.6766 3.6148 16.985
5.6766 3.6148 16.985
5.6766 3.6148 16.985
5.6766 3.6148 16.985
5.6766 3.6148 16.985
5.6766 3.6148 16.985
5.6766 3.6148 16.985
5.6766 3.6148 16.985
5.6766 3.6148 16.985
5.6766 3.6148 16.985
5.6766 3.6148 16.985
5.6766 3.6148 16.985
5.6766 3.6148 16.985
5.6766 3.6148 16.985
5.6766 3.6148 16.985
5.6766 3.6148 16.985
5.6766 3.6148 16.985
5.6766 3.6148 16.985
5.6766 3.6148 16.985
5.6766 3.6148 16.985
5.6766 3.6148 16.985
5.6766 3.6148 16.985
5.6766 3.6148 16.985
5.6766 3.6148 16.985
5.6766 3.6148 16.985
5.6766 3.6148 16.985
5.6766 3.6148 16.985
5.6766 3.6148 16.985
5.6766 3.6148 16.985
5.6766 3.6148 16.985
5.6766 3.6148 16.985
5.6766 3.6148 16.985
5.6766 3.6148 16.985
5.6766 3.6148 16.985
5.6766 3.6148 16.985
5.6766 3.6148 16.985
5.6766 3.6148 16.985
5.6766 3.6148 16.985
5.6766 3.6148 16.985
5.6766 3.6148 16.985
5.6766 3.6148 16.985
5.6766 3.6148 16.985
5.6766 3.6148 16.985
5.6766 3.6148 16.985
5.6766 3.6148 16.985
5.6766 3.6148 16.985
5.6766 3.6148 16.985
5.6766 3.6148 16.985
5.6766 3.6148 16.985
5.6766 3.6148 16.985
5.6766 3.6148 16.985
5.6766 3.6148 16.985
5.6766 3.6148 16.985
5.6766 3.6148 16.985
5.6766 3.6148 16.985
5.6766 3.6148 16.985
5.6766 3.6148 16.985
5.6766 3.6148 16.985
5.6766 3.6148 16.985
5.6766 3.6148 16.985
5.6766 3.6148 16.985
5.6766 3.6148 16.985
5.6766 3.6148 16.985
5.6766 3.6148 16.985
5.6766 3.6148 16.985
5.6766 3.6148 16.985
5.6766 3.6148 16.985
5.6766 3.6148 16.985
5.6766 3.6148 16.985
5.6766 3.6148 16.985
5.6766 3.6148 16.985
5.6766 3.6148 16.985
5.6766 3.6148 16.985
5.6766 3.6148 16.985
5.6766 3.6148 16.985
5.6766 3.6148 16.985
5.6766 3.6148 16.985
5.6766 3.6148 16.985
5.6766 3.6148 16.985
5.6766 3.6148 16.985
5.6766 3.6148 16.985
5.6766 3.6148 16.985
5.6766 3.6148 16.985
5.6766 3.6148 16.985
5.6766 3.6148 16.985
5.6766 3.6148 16.985
5.6766 3.6148 16.985
5.6766 3.6148 16.985
5.6766 3.6148 16.985
5.6766 3.6148 16.985
5.6766 3.6148 16.985
5.6766 3.6148 16.985
5.6766 3.6148 16.985
5.6766 3.6148 16.985
5.6766 3.6148 16.985
5.6766 3.6148 16.985
5.6766 3.6148 16.985
5.6766 3.6148 16.985
5.6766 3.6148 16.985
5.6766 3.6148 16.985
5.6766 3.6148 16.985
5.6766 3.6148 16.985
5.6766 3.6148 16.985
5.6766 3.6148 16.985
5.6766 3.6148 16.985
5.6766 3.6148 16.985
5.6766 3.6148 16.985
5.6766 3.6148 16.985
5.6766 3.6148 16.985
5.6766 3.6148 16.985
5.6766 3.6148 16.985
5.6766 3.6148 16.985
5.6766 3.6148 16.985
5.6766 3.6148 16.985
5.6766 3.6148 16.985
5.6766 3.6148 16.985
5.6766 3.6148 16.985
5.6766 3.6148 16.985
5.6766 3.6148 16.985
5.6766 3.6148 16.985
5.6766 3.6148 16.985
5.6766 3.6148 16.985
5.6766 3.6148 16.985
5.6766 3.6148 16.985
5.6766 3.6148 16.985
5.6766 3.6148 16.985
5.6766 3.6148 16.985
5.6766 3.6148 16.985
5.6766 3.6148 16.985
5.6766 3.6148 16.985
5.6766 3.6148 16.985
5.6766 3.6148 16.985
5.6766 3.6148 16.985
5.6766 3.6148 16.985
5.6766 3.6148 16.985
5.6766 3.6148 16.985
5.6766 3.6148 16.985
5.6766 3.6148 16.985
5.6766 3.6148 16.985
5.6766 3.6148 16.985
5.6766 3.6148 16.985
5.6766 3.6148 16.985
5.6766 3.6148 16.985
5.6766 3.6148 16.985
5.6766 3.6148 16.985
5.6766 3.6148 16.985
5.6766 3.6148 16.985
5.6766 3.6148 16.985
5.6766 3.6148 16.985
5.6766 3.6148 16.985
5.6766 3.6148 16.985
5.6766 3.6148 16.985
5.6766 3.6148 16.985
5.6766 3.6148 16.985
5.6766 3.6148 16.985
5.6766 3.6148 16.985
5.6766 3.6148 16.985
5.6766 3.6148 16.985
5.6766 3.6148 16.985
5.6766 3.6148 16.985
