2 0.5 -0.9
2.001 0.505 -0.895
2.002 0.51 -0.89
2.003 0.515 -0.885
2.004 0.5199 -0.88
2.005 0.5249 -0.875
2.006 0.5298 -0.87
2.007 0.5348 -0.865
2.008 0.5397 -0.86
2.009 0.5446 -0.855
2.01 0.5495 -0.85
2.011 0.5544 -0.845
2.012 0.5593 -0.84
2.013 0.5642 -0.835
2.014 0.569 -0.83
2.015 0.5739 -0.825
2.016 0.5787 -0.82
2.017 0.5836 -0.815
2.018 0.5884 -0.81
2.019 0.5932 -0.805
2.02 0.598 -0.8
2.021 0.6028 -0.795
2.022 0.6076 -0.79
2.023 0.6124 -0.785
2.024 0.6172 -0.78
2.025 0.6219 -0.775
2.026 0.6267 -0.77
2.027 0.6314 -0.765
2.028 0.6362 -0.76
2.029 0.6409 -0.755
2.03 0.6456 -0.75
2.031 0.6503 -0.745
2.032 0.655 -0.74
2.033 0.6597 -0.735
2.034 0.6643 -0.73
2.035 0.669 -0.725
2.036 0.6736 -0.72
2.037 0.6783 -0.715
2.038 0.6829 -0.71
2.039 0.6875 -0.705
2.04 0.6922 -0.7
2.041 0.6968 -0.695
2.042 0.7014 -0.69
2.043 0.7059 -0.685
2.044 0.7105 -0.68
2.045 0.7151 -0.675
2.046 0.7196 -0.67
2.047 0.7242 -0.665
2.048 0.7287 -0.66
2.049 0.7332 -0.655
2.05 0.7377 -0.65
2.051 0.7422 -0.645
2.052 0.7467 -0.64
2.053 0.7512 -0.635
2.054 0.7557 -0.63
2.055 0.7602 -0.625
2.056 0.7646 -0.62
2.057 0.7691 -0.615
2.058 0.7735 -0.61
2.059 0.7779 -0.605
2.06 0.7824 -0.6
2.061 0.7868 -0.595
2.062 0.7912 -0.59
2.063 0.7955 -0.585
2.064 0.7999 -0.58
2.065 0.8043 -0.575
2.066 0.8086 -0.57
2.067 0.813 -0.565
2.068 0.8173 -0.56
2.069 0.8217 -0.555
2.07 0.826 -0.55
2.071 0.8303 -0.545
2.072 0.8346 -0.54
2.073 0.8389 -0.535
2.074 0.8432 -0.53
2.075 0.8474 -0.525
2.076 0.8517 -0.52
2.077 0.8559 -0.515
2.078 0.8602 -0.51
2.079 0.8644 -0.505
2.08 0.8686 -0.5
2.081 0.8728 -0.495
2.082 0.877 -0.49
2.083 0.8812 -0.485
2.084 0.8854 -0.48
2.085 0.8896 -0.475
2.086 0.8937 -0.47
2.087 0.8979 -0.465
2.088 0.902 -0.46
2.089 0.9062 -0.455
2.09 0.9103 -0.45
2.091 0.9144 -0.445
2.092 0.9185 -0.44
2.093 0.9226 -0.435
2.094 0.9267 -0.43
2.095 0.9307 -0.425
2.096 0.9348 -0.42
2.097 0.9389 -0.415
2.098 0.9429 -0.41
2.099 0.9469 -0.405
2.1 0.951 -0.4
2.101 0.955 -0.395
2.102 0.959 -0.39
2.103 0.963 -0.385
2.104 0.967 -0.38
2.105 0.9709 -0.375
2.106 0.9749 -0.37
2.107 0.9789 -0.365
2.108 0.9828 -0.36
2.109 0.9867 -0.355
2.11 0.9907 -0.35
2.111 0.9946 -0.345
2.112 0.9985 -0.34
2.113 1.0024 -0.335
2.114 1.0063 -0.33
2.115 1.0101 -0.325
2.116 1.014 -0.32
2.117 1.0179 -0.315
2.118 1.0217 -0.31
2.119 1.0256 -0.305
2.12 1.0294 -0.3
2.121 1.0332 -0.295
2.122 1.037 -0.29
2.123 1.0408 -0.285
2.124 1.0446 -0.28
2.125 1.0484 -0.275
2.126 1.0521 -0.27
2.127 1.0559 -0.265
2.128 1.0597 -0.26
2.129 1.0634 -0.255
2.13 1.0671 -0.25
2.131 1.0708 -0.245
2.132 1.0746 -0.24
2.133 1.0783 -0.235
2.134 1.0819 -0.23
2.135 1.0856 -0.225
2.136 1.0893 -0.22
2.137 1.093 -0.215
2.138 1.0966 -0.21
2.139 1.1002 -0.205
2.14 1.1039 -0.2
2.141 1.1075 -0.195
2.142 1.1111 -0.19
2.143 1.1147 -0.185
2.144 1.1183 -0.18
2.145 1.1219 -0.175
2.146 1.1255 -0.17
2.147 1.129 -0.165
2.148 1.1326 -0.16
2.149 1.1361 -0.155
2.15 1.1397 -0.15
2.151 1.1432 -0.145
2.152 1.1467 -0.14
2.153 1.1502 -0.135
2.154 1.1537 -0.13
2.155 1.1572 -0.125
2.156 1.1606 -0.12
2.157 1.1641 -0.115
2.158 1.1676 -0.11
2.159 1.171 -0.105
2.16 1.1745 -0.1
2.161 1.1779 -0.095
2.162 1.1813 -0.09
2.163 1.1847 -0.085
2.164 1.1881 -0.08
2.165 1.1915 -0.075
2.166 1.1949 -0.07
2.167 1.1982 -0.065
2.168 1.2016 -0.06
2.169 1.2049 -0.055
2.17 1.2083 -0.05
2.171 1.2116 -0.045
2.172 1.2149 -0.04
2.173 1.2182 -0.035
2.174 1.2215 -0.03
2.175 1.2248 -0.025
2.176 1.2281 -0.02
2.177 1.2314 -0.015
2.178 1.2346 -0.01
2.179 1.2379 -0.005
2.18 1.2411 0
2.181 1.2443 0.005
2.182 1.2475 0.01
2.183 1.2508 0.015
2.184 1.254 0.02
2.185 1.2571 0.025
2.186 1.2603 0.03
2.187 1.2635 0.035
2.188 1.2667 0.04
2.189 1.2698 0.045
2.19 1.2729 0.05
2.191 1.2761 0.055
2.192 1.2792 0.06
2.193 1.2823 0.065
2.194 1.2854 0.07
2.195 1.2885 0.075
2.196 1.2916 0.08
2.197 1.2947 0.085
2.198 1.2977 0.09
2.199 1.3008 0.095
2.2 1.3038 0.1
2.201 1.3069 0.105
2.202 1.3099 0.11
2.203 1.3129 0.115
2.204 1.3159 0.12
2.205 1.3189 0.125
2.206 1.3219 0.13
2.207 1.3248 0.135
2.208 1.3278 0.14
2.209 1.3308 0.145
2.21 1.3337 0.15
2.211 1.3366 0.155
2.212 1.3396 0.16
2.213 1.3425 0.165
2.214 1.3454 0.17
2.215 1.3483 0.175
2.216 1.3512 0.18
2.217 1.354 0.185
2.218 1.3569 0.19
2.219 1.3598 0.195
2.22 1.3626 0.2
2.221 1.3655 0.205
2.222 1.3683 0.21
2.223 1.3711 0.215
2.224 1.3739 0.22
2.225 1.3767 0.225
2.226 1.3795 0.23
2.227 1.3823 0.235
2.228 1.385 0.24
2.229 1.3878 0.245
2.23 1.3905 0.25
2.231 1.3933 0.255
2.232 1.396 0.26
2.233 1.3987 0.265
2.234 1.4014 0.27
2.235 1.4041 0.275
2.236 1.4068 0.28
2.237 1.4095 0.285
2.238 1.4122 0.29
2.239 1.4148 0.295
2.24 1.4175 0.3
2.241 1.4201 0.305
2.242 1.4228 0.31
2.243 1.4254 0.315
2.244 1.428 0.32
2.245 1.4306 0.325
2.246 1.4332 0.33
2.247 1.4358 0.335
2.248 1.4383 0.34
2.249 1.4409 0.345
2.25 1.4435 0.35
2.251 1.446 0.355
2.252 1.4485 0.36
2.253 1.4511 0.365
2.254 1.4536 0.37
2.255 1.4561 0.375
2.256 1.4586 0.38
2.257 1.4611 0.385
2.258 1.4635 0.39
2.259 1.466 0.395
2.26 1.4684 0.4
2.261 1.4709 0.405
2.262 1.4733 0.41
2.263 1.4757 0.415
2.264 1.4782 0.42
2.265 1.4806 0.425
2.266 1.483 0.43
2.267 1.4853 0.435
2.268 1.4877 0.44
2.269 1.4901 0.445
2.27 1.4924 0.45
2.271 1.4948 0.455
2.272 1.4971 0.46
2.273 1.4995 0.465
2.274 1.5018 0.47
2.275 1.5041 0.475
2.276 1.5064 0.48
2.277 1.5087 0.485
2.278 1.5109 0.49
2.279 1.5132 0.495
2.28 1.5155 0.5
2.281 1.5177 0.505
2.282 1.52 0.51
2.283 1.5222 0.515
2.284 1.5244 0.52
2.285 1.5266 0.525
2.286 1.5288 0.53
2.287 1.531 0.535
2.288 1.5332 0.54
2.289 1.5354 0.545
2.29 1.5375 0.55
2.291 1.5397 0.555
2.292 1.5418 0.56
2.293 1.5439 0.565
2.294 1.5461 0.57
2.295 1.5482 0.575
2.296 1.5503 0.58
2.297 1.5524 0.585
2.298 1.5544 0.59
2.299 1.5565 0.595
2.3 1.5586 0.6001
2.301 1.5606 0.6051
2.302 1.5627 0.6101
2.303 1.5647 0.6151
2.304 1.5667 0.6201
2.305 1.5687 0.6251
2.306 1.5707 0.6301
2.307 1.5727 0.6351
2.308 1.5747 0.6401
2.309 1.5767 0.6451
2.31 1.5786 0.6501
2.311 1.5806 0.6551
2.312 1.5825 0.6601
2.313 1.5845 0.6651
2.314 1.5864 0.6701
2.315 1.5883 0.6751
2.316 1.5902 0.6801
2.317 1.5921 0.6851
2.318 1.594 0.6901
2.319 1.5959 0.6951
2.32 1.5977 0.7001
2.321 1.5996 0.7051
2.322 1.6014 0.7101
2.323 1.6033 0.7151
2.324 1.6051 0.7201
2.325 1.6069 0.7251
2.326 1.6087 0.7301
2.327 1.6105 0.7351
2.328 1.6123 0.7401
2.329 1.6141 0.7451
2.33 1.6159 0.7501
2.331 1.6176 0.7551
2.332 1.6194 0.7601
2.333 1.6211 0.7651
2.334 1.6228 0.7701
2.335 1.6246 0.7751
2.336 1.6263 0.7801
2.337 1.628 0.7851
2.338 1.6297 0.7901
2.339 1.6313 0.7951
2.34 1.633 0.8001
2.341 1.6347 0.8051
2.342 1.6363 0.8101
2.343 1.638 0.8151
2.344 1.6396 0.8201
2.345 1.6412 0.8251
2.346 1.6428 0.8301
2.347 1.6444 0.8351
2.348 1.646 0.8401
2.349 1.6476 0.8451
2.35 1.6492 0.8501
2.351 1.6507 0.8551
2.352 1.6523 0.8601
2.353 1.6538 0.8651
2.354 1.6553 0.8701
2.355 1.6569 0.8751
2.356 1.6584 0.8801
2.357 1.6599 0.8851
2.358 1.6614 0.8901
2.359 1.6629 0.8951
2.36 1.6643 0.9001
2.361 1.6658 0.9051
2.362 1.6672 0.9101
2.363 1.6687 0.9151
2.364 1.6701 0.9201
2.365 1.6715 0.9251
2.366 1.673 0.9301
2.367 1.6744 0.9351
2.368 1.6758 0.9401
2.369 1.6771 0.9451
2.37 1.6785 0.9501
2.371 1.6799 0.9551
2.372 1.6812 0.9601
2.373 1.6826 0.9651
2.374 1.6839 0.9701
2.375 1.6853 0.9751
2.376 1.6866 0.9801
2.377 1.6879 0.9851
2.378 1.6892 0.9901
2.379 1.6905 0.9951
2.38 1.6917 1.0001
2.381 1.693 1.0051
2.382 1.6943 1.0101
2.383 1.6955 1.0151
2.384 1.6967 1.0201
2.385 1.698 1.0251
2.386 1.6992 1.0301
2.387 1.7004 1.0351
2.388 1.7016 1.0401
2.389 1.7028 1.0451
2.39 1.704 1.0501
2.391 1.7051 1.0551
2.392 1.7063 1.0601
2.393 1.7074 1.0651
2.394 1.7086 1.0701
2.395 1.7097 1.0751
2.396 1.7108 1.0801
2.397 1.7119 1.0851
2.398 1.713 1.0901
2.399 1.7141 1.0951
2.4 1.7152 1.1001
2.401 1.7163 1.1051
2.402 1.7173 1.1101
2.403 1.7184 1.1151
2.404 1.7194 1.1201
2.405 1.7205 1.1251
2.406 1.7215 1.1301
2.407 1.7225 1.1351
2.408 1.7235 1.1401
2.409 1.7245 1.1451
2.41 1.7255 1.1501
2.411 1.7265 1.1551
2.412 1.7274 1.1601
2.413 1.7284 1.1651
2.414 1.7293 1.1701
2.415 1.7302 1.1751
2.416 1.7312 1.1801
2.417 1.7321 1.1851
2.418 1.733 1.1901
2.419 1.7339 1.1951
2.42 1.7348 1.2001
2.421 1.7356 1.2051
2.422 1.7365 1.2101
2.423 1.7374 1.2151
2.424 1.7382 1.2201
2.425 1.739 1.2251
2.426 1.7399 1.2301
2.427 1.7407 1.2351
2.428 1.7415 1.2401
2.429 1.7423 1.2451
2.43 1.7431 1.2501
2.431 1.7439 1.2551
2.432 1.7446 1.2601
2.433 1.7454 1.2651
2.434 1.7461 1.2701
2.435 1.7469 1.2751
2.436 1.7476 1.2801
2.437 1.7483 1.2851
2.438 1.749 1.2901
2.439 1.7497 1.2951
2.44 1.7504 1.3001
2.441 1.7511 1.3051
2.442 1.7517 1.3101
2.443 1.7524 1.3151
2.444 1.7531 1.3201
2.445 1.7537 1.3251
2.446 1.7543 1.3301
2.447 1.7549 1.3351
2.448 1.7556 1.3401
2.449 1.7562 1.3451
2.45 1.7567 1.3501
2.451 1.7573 1.3551
2.452 1.7579 1.3601
2.453 1.7585 1.3651
2.454 1.759 1.3701
2.455 1.7596 1.3751
2.456 1.7601 1.3801
2.457 1.7606 1.3851
2.458 1.7611 1.3901
2.459 1.7616 1.3951
2.46 1.7621 1.4001
2.461 1.7626 1.4051
2.462 1.7631 1.4101
2.463 1.7635 1.4151
2.464 1.764 1.4201
2.465 1.7644 1.4251
2.466 1.7649 1.4301
2.467 1.7653 1.4351
2.468 1.7657 1.4401
2.469 1.7661 1.4451
2.47 1.7665 1.4501
2.471 1.7669 1.4551
2.472 1.7673 1.4601
2.473 1.7676 1.4651
2.474 1.768 1.4701
2.475 1.7683 1.4751
2.476 1.7686 1.4801
2.477 1.769 1.4851
2.478 1.7693 1.4901
2.479 1.7696 1.4951
2.48 1.7699 1.5001
2.481 1.7702 1.5051
2.482 1.7705 1.5101
2.483 1.7707 1.5151
2.484 1.771 1.5201
2.485 1.7712 1.5251
2.486 1.7715 1.5301
2.487 1.7717 1.5351
2.488 1.7719 1.5401
2.489 1.7721 1.5451
2.49 1.7723 1.5501
2.491 1.7725 1.5551
2.492 1.7727 1.5601
2.493 1.7728 1.5651
2.494 1.773 1.5701
2.495 1.7732 1.5751
2.496 1.7733 1.5801
2.497 1.7734 1.5851
2.498 1.7735 1.5901
2.499 1.7737 1.5951
2.5 1.7738 1.6001
2.501 1.7738 1.6051
2.502 1.7739 1.6101
2.503 1.774 1.6151
2.504 1.7741 1.6201
2.505 1.7741 1.6251
2.506 1.7741 1.6301
2.507 1.7742 1.6351
2.508 1.7742 1.6401
2.509 1.7742 1.6451
2.51 1.7742 1.6501
2.511 1.7742 1.6551
2.512 1.7742 1.6601
2.513 1.7742 1.6651
2.514 1.7741 1.6701
2.515 1.7741 1.6751
2.516 1.774 1.6801
2.517 1.7739 1.6851
2.518 1.7739 1.6901
2.519 1.7738 1.6951
2.52 1.7737 1.7001
2.521 1.7736 1.7051
2.522 1.7735 1.7101
2.523 1.7733 1.7151
2.524 1.7732 1.7201
2.525 1.7731 1.7251
2.526 1.7729 1.7301
2.527 1.7727 1.7351
2.528 1.7726 1.7401
2.529 1.7724 1.7451
2.53 1.7722 1.7501
2.531 1.772 1.7551
2.532 1.7718 1.7601
2.533 1.7715 1.7651
2.534 1.7713 1.7701
2.535 1.7711 1.7751
2.536 1.7708 1.7801
2.537 1.7705 1.7851
2.538 1.7703 1.7901
2.539 1.77 1.7951
2.54 1.7697 1.8001
2.541 1.7694 1.8051
2.542 1.7691 1.8101
2.543 1.7688 1.8151
2.544 1.7684 1.8201
2.545 1.7681 1.8251
2.546 1.7677 1.8301
2.547 1.7674 1.8351
2.548 1.767 1.8401
2.549 1.7666 1.8451
2.55 1.7662 1.8501
2.551 1.7658 1.8551
2.552 1.7654 1.8601
2.553 1.765 1.8651
2.554 1.7646 1.8701
2.555 1.7641 1.8751
2.556 1.7637 1.8801
2.557 1.7632 1.8851
2.558 1.7628 1.8901
2.559 1.7623 1.8951
2.56 1.7618 1.9001
2.561 1.7613 1.9051
2.562 1.7608 1.9101
2.563 1.7603 1.9151
2.564 1.7597 1.9201
2.565 1.7592 1.9251
2.566 1.7586 1.9301
2.567 1.7581 1.9351
2.568 1.7575 1.9401
2.569 1.7569 1.9451
2.57 1.7564 1.9501
2.571 1.7558 1.9551
2.572 1.7552 1.9601
2.573 1.7545 1.9651
2.574 1.7539 1.9701
2.575 1.7533 1.9751
2.576 1.7526 1.9801
2.577 1.752 1.9851
2.578 1.7513 1.9901
2.579 1.7506 1.9951
2.58 1.7499 2.0001
2.581 1.7492 2.0051
2.582 1.7485 2.0101
2.583 1.7478 2.0151
2.584 1.7471 2.0201
2.585 1.7464 2.0251
2.586 1.7456 2.0301
2.587 1.7449 2.0351
2.588 1.7441 2.0401
2.589 1.7433 2.0451
2.59 1.7426 2.0501
2.591 1.7418 2.0551
2.592 1.741 2.0601
2.593 1.7401 2.0651
2.594 1.7393 2.0701
2.595 1.7385 2.0751
2.596 1.7376 2.0801
2.597 1.7368 2.0851
2.598 1.7359 2.0901
2.599 1.7351 2.0951
2.6 1.7342 2.1001
2.601 1.7333 2.1051
2.602 1.7324 2.1101
2.603 1.7315 2.1151
2.604 1.7306 2.1201
2.605 1.7296 2.1251
2.606 1.7287 2.1301
2.607 1.7277 2.1351
2.608 1.7268 2.1401
2.609 1.7258 2.1451
2.61 1.7248 2.1501
2.611 1.7238 2.1551
2.612 1.7228 2.1601
2.613 1.7218 2.1651
2.614 1.7208 2.1701
2.615 1.7198 2.1751
2.616 1.7187 2.1801
2.617 1.7177 2.1851
2.618 1.7166 2.1901
2.619 1.7156 2.1951
2.62 1.7145 2.2001
2.621 1.7134 2.2051
2.622 1.7123 2.2101
2.623 1.7112 2.2151
2.624 1.7101 2.2201
2.625 1.709 2.2251
2.626 1.7078 2.2301
2.627 1.7067 2.2351
2.628 1.7055 2.2401
2.629 1.7044 2.2451
2.63 1.7032 2.2501
2.631 1.702 2.2551
2.632 1.7008 2.2601
2.633 1.6996 2.2651
2.634 1.6984 2.2701
2.635 1.6972 2.2751
2.636 1.6959 2.2801
2.637 1.6947 2.2851
2.638 1.6934 2.2901
2.639 1.6922 2.2951
2.64 1.6909 2.3001
2.641 1.6896 2.3051
2.642 1.6883 2.3101
2.643 1.687 2.3151
2.644 1.6857 2.3201
2.645 1.6844 2.3251
2.646 1.683 2.3301
2.647 1.6817 2.3351
2.648 1.6803 2.3401
2.649 1.679 2.3451
2.65 1.6776 2.3501
2.651 1.6762 2.3551
2.652 1.6748 2.3601
2.653 1.6734 2.3651
2.654 1.672 2.3701
2.655 1.6706 2.3751
2.656 1.6692 2.3801
2.657 1.6677 2.3851
2.658 1.6663 2.3901
2.659 1.6648 2.3951
2.66 1.6633 2.4001
2.661 1.6619 2.4051
2.662 1.6604 2.4101
2.663 1.6589 2.4151
2.664 1.6574 2.4201
2.665 1.6559 2.4251
2.666 1.6543 2.4301
2.667 1.6528 2.4351
2.668 1.6512 2.4401
2.669 1.6497 2.4451
2.67 1.6481 2.4501
2.671 1.6465 2.4551
2.672 1.6449 2.4601
2.673 1.6433 2.4651
2.674 1.6417 2.4701
2.675 1.6401 2.4751
2.676 1.6385 2.4801
2.677 1.6369 2.4851
2.678 1.6352 2.4901
2.679 1.6336 2.4951
2.68 1.6319 2.5001
2.681 1.6302 2.5051
2.682 1.6285 2.5101
2.683 1.6268 2.5151
2.684 1.6251 2.5201
2.685 1.6234 2.5251
2.686 1.6217 2.5301
2.687 1.62 2.5351
2.688 1.6182 2.5401
2.689 1.6165 2.5451
2.69 1.6147 2.5501
2.691 1.6129 2.5551
2.692 1.6111 2.5601
2.693 1.6093 2.5651
2.694 1.6075 2.5701
2.695 1.6057 2.5751
2.696 1.6039 2.5801
2.697 1.6021 2.5851
2.698 1.6002 2.5901
2.699 1.5984 2.5951
2.7 1.5965 2.6001
2.701 1.5946 2.6051
2.702 1.5928 2.6101
2.703 1.5909 2.6151
2.704 1.589 2.6201
2.705 1.587 2.6251
2.706 1.5851 2.6301
2.707 1.5832 2.6351
2.708 1.5813 2.6401
2.709 1.5793 2.6451
2.71 1.5773 2.6501
2.711 1.5754 2.6551
2.712 1.5734 2.6601
2.713 1.5714 2.6651
2.714 1.5694 2.6701
2.715 1.5674 2.6751
2.716 1.5654 2.6801
2.717 1.5633 2.6851
2.718 1.5613 2.6901
2.719 1.5593 2.6951
2.72 1.5572 2.7001
2.721 1.5551 2.7051
2.722 1.5531 2.7101
2.723 1.551 2.7151
2.724 1.5489 2.7201
2.725 1.5468 2.7251
2.726 1.5446 2.7301
2.727 1.5425 2.7351
2.728 1.5404 2.7401
2.729 1.5382 2.7451
2.73 1.5361 2.7501
2.731 1.5339 2.7551
2.732 1.5317 2.7601
2.733 1.5295 2.7651
2.734 1.5273 2.7701
2.735 1.5251 2.7751
2.736 1.5229 2.7801
2.737 1.5207 2.7851
2.738 1.5185 2.7901
2.739 1.5162 2.7951
2.74 1.514 2.8001
2.741 1.5117 2.8051
2.742 1.5094 2.8101
2.743 1.5071 2.8151
2.744 1.5048 2.8201
2.745 1.5025 2.8251
2.746 1.5002 2.8301
2.747 1.4979 2.8351
2.748 1.4956 2.8401
2.749 1.4932 2.8451
2.75 1.4909 2.8501
2.751 1.4885 2.8551
2.752 1.4861 2.8601
2.753 1.4838 2.8651
2.754 1.4814 2.8701
2.755 1.479 2.8751
2.756 1.4766 2.8801
2.757 1.4741 2.8851
2.758 1.4717 2.8901
2.759 1.4693 2.8951
2.76 1.4668 2.9001
2.761 1.4643 2.9051
2.762 1.4619 2.9101
2.763 1.4594 2.9151
2.764 1.4569 2.9201
2.765 1.4544 2.9251
2.766 1.4519 2.9301
2.767 1.4494 2.9351
2.768 1.4468 2.9401
2.769 1.4443 2.9451
2.77 1.4418 2.9501
2.771 1.4392 2.9551
2.772 1.4366 2.9601
2.773 1.4341 2.9651
2.774 1.4315 2.9701
2.775 1.4289 2.9751
2.776 1.4263 2.9801
2.777 1.4236 2.9851
2.778 1.421 2.9901
2.779 1.4184 2.9951
2.78 1.4157 3.0001
2.781 1.4131 3.0051
2.782 1.4104 3.0101
2.783 1.4077 3.0151
2.784 1.405 3.0201
2.785 1.4023 3.0251
2.786 1.3996 3.0301
2.787 1.3969 3.0351
2.788 1.3942 3.0401
2.789 1.3915 3.0451
2.79 1.3887 3.0501
2.791 1.386 3.0551
2.792 1.3832 3.0601
2.793 1.3804 3.0651
2.794 1.3776 3.0701
2.795 1.3748 3.0751
2.796 1.372 3.0801
2.797 1.3692 3.0851
2.798 1.3664 3.0901
2.799 1.3636 3.0951
2.8 1.3607 3.1001
2.801 1.3579 3.1051
2.802 1.355 3.1101
2.803 1.3521 3.1151
2.804 1.3493 3.1201
2.805 1.3464 3.1251
2.806 1.3435 3.1301
2.807 1.3405 3.1351
2.808 1.3376 3.1401
2.809 1.3347 3.1451
2.81 1.3317 3.1501
2.811 1.3288 3.1551
2.812 1.3258 3.1601
2.813 1.3229 3.1651
2.814 1.3199 3.1701
2.815 1.3169 3.1751
2.816 1.3139 3.1801
2.817 1.3109 3.1851
2.818 1.3079 3.1901
2.819 1.3048 3.1951
2.82 1.3018 3.2001
2.821 1.2987 3.2051
2.822 1.2957 3.2101
2.823 1.2926 3.2151
2.824 1.2895 3.2201
2.825 1.2864 3.2251
2.826 1.2834 3.2301
2.827 1.2802 3.2351
2.828 1.2771 3.2401
2.829 1.274 3.2451
2.83 1.2709 3.2501
2.831 1.2677 3.2551
2.832 1.2646 3.2601
2.833 1.2614 3.2651
2.834 1.2582 3.2701
2.835 1.255 3.2751
2.836 1.2518 3.2801
2.837 1.2486 3.2851
2.838 1.2454 3.2901
2.839 1.2422 3.2951
2.84 1.2389 3.3001
2.841 1.2357 3.3051
2.842 1.2324 3.3101
2.843 1.2292 3.3151
2.844 1.2259 3.3201
2.845 1.2226 3.3251
2.846 1.2193 3.3301
2.847 1.216 3.3351
2.848 1.2127 3.3401
2.849 1.2094 3.3451
2.85 1.206 3.3501
2.851 1.2027 3.3551
2.852 1.1993 3.3601
2.853 1.196 3.3651
2.854 1.1926 3.3701
2.855 1.1892 3.3751
2.856 1.1858 3.3801
2.857 1.1824 3.3851
2.858 1.179 3.3901
2.859 1.1756 3.3951
2.86 1.1722 3.4001
2.861 1.1687 3.4051
2.862 1.1653 3.4101
2.863 1.1618 3.4151
2.864 1.1583 3.4201
2.865 1.1549 3.4251
2.866 1.1514 3.4301
2.867 1.1479 3.4351
2.868 1.1444 3.4401
2.869 1.1408 3.4451
2.87 1.1373 3.4501
2.871 1.1338 3.4551
2.872 1.1302 3.4601
2.873 1.1267 3.4651
2.874 1.1231 3.4701
2.875 1.1195 3.4751
2.876 1.1159 3.4801
2.877 1.1123 3.4851
2.878 1.1087 3.4901
2.879 1.1051 3.4951
2.88 1.1015 3.5001
2.881 1.0978 3.5051
2.882 1.0942 3.5101
2.883 1.0905 3.5151
2.884 1.0869 3.5201
2.885 1.0832 3.5251
2.886 1.0795 3.5301
2.887 1.0758 3.5351
2.888 1.0721 3.5401
2.889 1.0684 3.5451
2.89 1.0646 3.5501
2.891 1.0609 3.5551
2.892 1.0572 3.5601
2.893 1.0534 3.5651
2.894 1.0496 3.5701
2.895 1.0459 3.5751
2.896 1.0421 3.5801
2.897 1.0383 3.5851
2.898 1.0345 3.5901
2.899 1.0307 3.5951
2.9 1.0268 3.6002
2.901 1.023 3.6052
2.902 1.0192 3.6102
2.903 1.0153 3.6152
2.904 1.0114 3.6202
2.905 1.0076 3.6252
2.906 1.0037 3.6302
2.907 0.9998 3.6352
2.908 0.9959 3.6402
2.909 0.992 3.6452
2.91 0.9881 3.6502
2.911 0.9841 3.6552
2.912 0.9802 3.6602
2.913 0.9762 3.6652
2.914 0.9723 3.6702
2.915 0.9683 3.6752
2.916 0.9643 3.6802
2.917 0.9603 3.6852
2.918 0.9563 3.6902
2.919 0.9523 3.6952
2.92 0.9483 3.7002
2.921 0.9443 3.7052
2.922 0.9402 3.7102
2.923 0.9362 3.7152
2.924 0.9321 3.7202
2.925 0.928 3.7252
2.926 0.924 3.7302
2.927 0.9199 3.7352
2.928 0.9158 3.7402
2.929 0.9117 3.7452
2.93 0.9075 3.7502
2.931 0.9034 3.7552
2.932 0.8993 3.7602
2.933 0.8951 3.7652
2.934 0.891 3.7702
2.935 0.8868 3.7752
2.936 0.8826 3.7802
2.937 0.8784 3.7852
2.938 0.8742 3.7902
2.939 0.87 3.7952
2.94 0.8658 3.8002
2.941 0.8616 3.8052
2.942 0.8573 3.8102
2.943 0.8531 3.8152
2.944 0.8488 3.8202
2.945 0.8446 3.8252
2.946 0.8403 3.8302
2.947 0.836 3.8352
2.948 0.8317 3.8402
2.949 0.8274 3.8452
2.95 0.8231 3.8502
2.951 0.8188 3.8552
2.952 0.8144 3.8602
2.953 0.8101 3.8652
2.954 0.8057 3.8702
2.955 0.8014 3.8752
2.956 0.797 3.8802
2.957 0.7926 3.8852
2.958 0.7882 3.8902
2.959 0.7838 3.8952
2.96 0.7794 3.9002
2.961 0.775 3.9052
2.962 0.7706 3.9102
2.963 0.7661 3.9152
2.964 0.7617 3.9202
2.965 0.7572 3.9252
2.966 0.7527 3.9302
2.967 0.7482 3.9352
2.968 0.7438 3.9402
2.969 0.7393 3.9452
2.97 0.7347 3.9502
2.971 0.7302 3.9552
2.972 0.7257 3.9602
2.973 0.7211 3.9652
2.974 0.7166 3.9702
2.975 0.712 3.9752
2.976 0.7075 3.9802
2.977 0.7029 3.9852
2.978 0.6983 3.9902
2.979 0.6937 3.9952
2.98 0.6891 4.0002
2.981 0.6845 4.0052
2.982 0.6798 4.0102
2.983 0.6752 4.0152
2.984 0.6706 4.0202
2.985 0.6659 4.0252
2.986 0.6612 4.0302
2.987 0.6565 4.0352
2.988 0.6519 4.0402
2.989 0.6472 4.0452
2.99 0.6425 4.0502
2.991 0.6377 4.0552
2.992 0.633 4.0602
2.993 0.6283 4.0652
2.994 0.6235 4.0702
2.995 0.6188 4.0752
2.996 0.614 4.0802
2.997 0.6092 4.0852
2.998 0.6044 4.0902
2.999 0.5996 4.0952
3 0.5948 4.1002
3.001 0.59 4.1052
3.002 0.5852 4.1102
3.003 0.5804 4.1152
3.004 0.5755 4.1202
3.005 0.5707 4.1252
3.006 0.5658 4.1302
3.007 0.5609 4.1352
3.008 0.556 4.1402
3.009 0.5511 4.1452
3.01 0.5462 4.1502
3.011 0.5413 4.1552
3.012 0.5364 4.1602
3.013 0.5315 4.1652
3.014 0.5265 4.1702
3.015 0.5216 4.1752
3.016 0.5166 4.1802
3.017 0.5116 4.1852
3.018 0.5067 4.1902
3.019 0.5017 4.1952
3.02 0.4967 4.2002
3.021 0.4917 4.2052
3.022 0.4866 4.2102
3.023 0.4816 4.2152
3.024 0.4766 4.2202
3.025 0.4715 4.2252
3.026 0.4665 4.2302
3.027 0.4614 4.2352
3.028 0.4563 4.2402
3.029 0.4512 4.2452
3.03 0.4461 4.2502
3.031 0.441 4.2552
3.032 0.4359 4.2602
3.033 0.4308 4.2652
3.034 0.4256 4.2702
3.035 0.4205 4.2752
3.036 0.4153 4.2802
3.037 0.4101 4.2852
3.038 0.405 4.2902
3.039 0.3998 4.2952
3.04 0.3946 4.3002
3.041 0.3894 4.3052
3.042 0.3841 4.3102
3.043 0.3789 4.3152
3.044 0.3737 4.3202
3.045 0.3684 4.3252
3.046 0.3632 4.3302
3.047 0.3579 4.3352
3.048 0.3526 4.3402
3.049 0.3473 4.3452
3.05 0.3421 4.3502
3.051 0.3367 4.3552
3.052 0.3314 4.3602
3.053 0.3261 4.3652
3.054 0.3208 4.3702
3.055 0.3154 4.3752
3.056 0.3101 4.3802
3.057 0.3047 4.3852
3.058 0.2993 4.3902
3.059 0.2939 4.3952
3.06 0.2886 4.4002
3.061 0.2831 4.4052
3.062 0.2777 4.4102
3.063 0.2723 4.4152
3.064 0.2669 4.4202
3.065 0.2614 4.4252
3.066 0.256 4.4302
3.067 0.2505 4.4352
3.068 0.245 4.4402
3.069 0.2396 4.4452
3.07 0.2341 4.4502
3.071 0.2286 4.4552
3.072 0.2231 4.4602
3.073 0.2175 4.4652
3.074 0.212 4.4702
3.075 0.2065 4.4752
3.076 0.2009 4.4802
3.077 0.1953 4.4852
3.078 0.1898 4.4902
3.079 0.1842 4.4952
3.08 0.1786 4.5002
3.081 0.173 4.5052
3.082 0.1674 4.5102
3.083 0.1618 4.5152
3.084 0.1561 4.5202
3.085 0.1505 4.5252
3.086 0.1449 4.5302
3.087 0.1392 4.5352
3.088 0.1335 4.5402
3.089 0.1279 4.5452
3.09 0.1222 4.5502
3.091 0.1165 4.5552
3.092 0.1108 4.5602
3.093 0.105 4.5652
3.094 0.0993 4.5702
3.095 0.0936 4.5752
3.096 0.0878 4.5802
3.097 0.0821 4.5852
3.098 0.0763 4.5902
3.099 0.0705 4.5952
3.1 0.0647 4.6002
3.101 0.0589 4.6052
3.102 0.0531 4.6102
3.103 0.0473 4.6152
3.104 0.0415 4.6202
3.105 0.0357 4.6252
3.106 0.0298 4.6302
3.107 0.024 4.6352
3.108 0.0181 4.6402
3.109 0.0122 4.6452
3.11 0.0063 4.6502
3.111 0.0004 4.6552
3.1111 -0 4.6556
3.1111 0 4.6556
3.1121 0.0041 4.6606
3.1131 0.0082 4.6656
3.1141 0.0123 4.6706
3.1151 0.0164 4.6756
3.1161 0.0205 4.6806
3.1171 0.0246 4.6856
3.1181 0.0287 4.6906
3.1191 0.0327 4.6956
3.1201 0.0368 4.7006
3.1211 0.0408 4.7056
3.1221 0.0448 4.7106
3.1231 0.0489 4.7156
3.1241 0.0529 4.7206
3.1251 0.0569 4.7256
3.1261 0.0608 4.7306
3.1271 0.0648 4.7356
3.1281 0.0688 4.7406
3.1291 0.0728 4.7456
3.1301 0.0767 4.7506
3.1311 0.0806 4.7556
3.1321 0.0846 4.7606
3.1331 0.0885 4.7656
3.1341 0.0924 4.7706
3.1351 0.0963 4.7756
3.1361 0.1002 4.7806
3.1371 0.1041 4.7856
3.1381 0.1079 4.7906
3.1391 0.1118 4.7956
3.1401 0.1156 4.8006
3.1411 0.1195 4.8056
3.1421 0.1233 4.8106
3.1431 0.1271 4.8156
3.1441 0.131 4.8206
3.1451 0.1348 4.8256
3.1461 0.1385 4.8306
3.1471 0.1423 4.8356
3.1481 0.1461 4.8406
3.1491 0.1499 4.8456
3.1501 0.1536 4.8506
3.1511 0.1574 4.8556
3.1521 0.1611 4.8606
3.1531 0.1648 4.8656
3.1541 0.1685 4.8706
3.1551 0.1722 4.8756
3.1561 0.1759 4.8806
3.1571 0.1796 4.8856
3.1581 0.1833 4.8906
3.1591 0.1869 4.8956
3.1601 0.1906 4.9006
3.1611 0.1942 4.9056
3.1621 0.1979 4.9106
3.1631 0.2015 4.9156
3.1641 0.2051 4.9206
3.1651 0.2087 4.9256
3.1661 0.2123 4.9306
3.1671 0.2159 4.9356
3.1681 0.2195 4.9406
3.1691 0.223 4.9456
3.1701 0.2266 4.9506
3.1711 0.2301 4.9556
3.1721 0.2337 4.9606
3.1731 0.2372 4.9656
3.1741 0.2407 4.9706
3.1751 0.2442 4.9756
3.1761 0.2477 4.9806
3.1771 0.2512 4.9856
3.1781 0.2547 4.9906
3.1791 0.2582 4.9956
3.1801 0.2616 5.0006
3.1811 0.2651 5.0056
3.1821 0.2685 5.0106
3.1831 0.2719 5.0156
3.1841 0.2754 5.0206
3.1851 0.2788 5.0256
3.1861 0.2822 5.0306
3.1871 0.2856 5.0356
3.1881 0.2889 5.0406
3.1891 0.2923 5.0456
3.1901 0.2957 5.0506
3.1911 0.299 5.0556
3.1921 0.3024 5.0606
3.1931 0.3057 5.0656
3.1941 0.309 5.0706
3.1951 0.3123 5.0756
3.1961 0.3156 5.0806
3.1971 0.3189 5.0856
3.1981 0.3222 5.0906
3.1991 0.3255 5.0956
3.2001 0.3287 5.1006
3.2011 0.332 5.1056
3.2021 0.3352 5.1106
3.2031 0.3385 5.1156
3.2041 0.3417 5.1206
3.2051 0.3449 5.1256
3.2061 0.3481 5.1306
3.2071 0.3513 5.1356
3.2081 0.3545 5.1406
3.2091 0.3576 5.1456
3.2101 0.3608 5.1506
3.2111 0.364 5.1556
3.2121 0.3671 5.1606
3.2131 0.3702 5.1656
3.2141 0.3734 5.1706
3.2151 0.3765 5.1756
3.2161 0.3796 5.1806
3.2171 0.3827 5.1856
3.2181 0.3858 5.1906
3.2191 0.3888 5.1956
3.2201 0.3919 5.2006
3.2211 0.395 5.2056
3.2221 0.398 5.2106
3.2231 0.401 5.2156
3.2241 0.4041 5.2206
3.2251 0.4071 5.2256
3.2261 0.4101 5.2306
3.2271 0.4131 5.2356
3.2281 0.4161 5.2406
3.2291 0.4191 5.2456
3.2301 0.422 5.2506
3.2311 0.425 5.2556
3.2321 0.4279 5.2606
3.2331 0.4309 5.2656
3.2341 0.4338 5.2706
3.2351 0.4367 5.2756
3.2361 0.4396 5.2806
3.2371 0.4425 5.2856
3.2381 0.4454 5.2906
3.2391 0.4483 5.2956
3.2401 0.4512 5.3006
3.2411 0.454 5.3056
3.2421 0.4569 5.3106
3.2431 0.4597 5.3156
3.2441 0.4625 5.3206
3.2451 0.4654 5.3256
3.2461 0.4682 5.3306
3.2471 0.471 5.3356
3.2481 0.4738 5.3406
3.2491 0.4765 5.3456
3.2501 0.4793 5.3506
3.2511 0.4821 5.3556
3.2521 0.4848 5.3606
3.2531 0.4876 5.3656
3.2541 0.4903 5.3706
3.2551 0.493 5.3756
3.2561 0.4957 5.3806
3.2571 0.4984 5.3856
3.2581 0.5011 5.3906
3.2591 0.5038 5.3956
3.2601 0.5065 5.4006
3.2611 0.5092 5.4056
3.2621 0.5118 5.4106
3.2631 0.5144 5.4156
3.2641 0.5171 5.4206
3.2651 0.5197 5.4256
3.2661 0.5223 5.4306
3.2671 0.5249 5.4356
3.2681 0.5275 5.4406
3.2691 0.5301 5.4456
3.2701 0.5327 5.4506
3.2711 0.5352 5.4556
3.2721 0.5378 5.4606
3.2731 0.5403 5.4656
3.2741 0.5429 5.4706
3.2751 0.5454 5.4756
3.2761 0.5479 5.4806
3.2771 0.5504 5.4856
3.2781 0.5529 5.4906
3.2791 0.5554 5.4956
3.2801 0.5579 5.5006
3.2811 0.5604 5.5056
3.2821 0.5628 5.5106
3.2831 0.5653 5.5156
3.2841 0.5677 5.5206
3.2851 0.5701 5.5256
3.2861 0.5725 5.5306
3.2871 0.575 5.5356
3.2881 0.5774 5.5406
3.2891 0.5797 5.5456
3.2901 0.5821 5.5506
3.2911 0.5845 5.5556
3.2921 0.5869 5.5606
3.2931 0.5892 5.5656
3.2941 0.5915 5.5706
3.2951 0.5939 5.5756
3.2961 0.5962 5.5806
3.2971 0.5985 5.5856
3.2981 0.6008 5.5906
3.2991 0.6031 5.5956
3.3001 0.6054 5.6006
3.3011 0.6076 5.6056
3.3021 0.6099 5.6106
3.3031 0.6122 5.6156
3.3041 0.6144 5.6206
3.3051 0.6166 5.6256
3.3061 0.6189 5.6306
3.3071 0.6211 5.6356
3.3081 0.6233 5.6406
3.3091 0.6255 5.6456
3.3101 0.6276 5.6506
3.3111 0.6298 5.6556
3.3121 0.632 5.6606
3.3131 0.6341 5.6656
3.3141 0.6363 5.6706
3.3151 0.6384 5.6756
3.3161 0.6405 5.6806
3.3171 0.6426 5.6856
3.3181 0.6448 5.6906
3.3191 0.6468 5.6956
3.3201 0.6489 5.7006
3.3211 0.651 5.7056
3.3221 0.6531 5.7106
3.3231 0.6551 5.7156
3.3241 0.6572 5.7206
3.3251 0.6592 5.7256
3.3261 0.6612 5.7306
3.3271 0.6632 5.7356
3.3281 0.6653 5.7406
3.3291 0.6672 5.7456
3.3301 0.6692 5.7506
3.3311 0.6712 5.7556
3.3321 0.6732 5.7606
3.3331 0.6751 5.7656
3.3341 0.6771 5.7706
3.3351 0.679 5.7756
3.3361 0.6809 5.7806
3.3371 0.6829 5.7856
3.3381 0.6848 5.7906
3.3391 0.6867 5.7956
3.3401 0.6886 5.8006
3.3411 0.6904 5.8056
3.3421 0.6923 5.8106
3.3431 0.6942 5.8156
3.3441 0.696 5.8206
3.3451 0.6979 5.8256
3.3461 0.6997 5.8306
3.3471 0.7015 5.8356
3.3481 0.7033 5.8406
3.3491 0.7051 5.8456
3.3501 0.7069 5.8506
3.3511 0.7087 5.8556
3.3521 0.7105 5.8606
3.3531 0.7122 5.8656
3.3541 0.714 5.8706
3.3551 0.7157 5.8756
3.3561 0.7174 5.8806
3.3571 0.7192 5.8856
3.3581 0.7209 5.8906
3.3591 0.7226 5.8956
3.3601 0.7243 5.9006
3.3611 0.726 5.9056
3.3621 0.7276 5.9106
3.3631 0.7293 5.9156
3.3641 0.7309 5.9206
3.3651 0.7326 5.9256
3.3661 0.7342 5.9306
3.3671 0.7358 5.9356
3.3681 0.7375 5.9406
3.3691 0.7391 5.9456
3.3701 0.7407 5.9506
3.3711 0.7422 5.9556
3.3721 0.7438 5.9606
3.3731 0.7454 5.9656
3.3741 0.7469 5.9706
3.3751 0.7485 5.9756
3.3761 0.75 5.9806
3.3771 0.7515 5.9856
3.3781 0.7531 5.9906
3.3791 0.7546 5.9956
3.3801 0.7561 6.0006
3.3811 0.7575 6.0056
3.3821 0.759 6.0106
3.3831 0.7605 6.0156
3.3841 0.7619 6.0206
3.3851 0.7634 6.0256
3.3861 0.7648 6.0306
3.3871 0.7662 6.0356
3.3881 0.7677 6.0406
3.3891 0.7691 6.0456
3.3901 0.7705 6.0506
3.3911 0.7719 6.0556
3.3921 0.7732 6.0606
3.3931 0.7746 6.0656
3.3941 0.776 6.0706
3.3951 0.7773 6.0756
3.3961 0.7787 6.0806
3.3971 0.78 6.0856
3.3981 0.7813 6.0906
3.3991 0.7826 6.0956
3.4001 0.7839 6.1006
3.4011 0.7852 6.1056
3.4021 0.7865 6.1106
3.4031 0.7878 6.1156
3.4041 0.789 6.1206
3.4051 0.7903 6.1256
3.4061 0.7915 6.1306
3.4071 0.7927 6.1356
3.4081 0.794 6.1406
3.4091 0.7952 6.1456
3.4101 0.7964 6.1506
3.4111 0.7976 6.1556
3.4121 0.7987 6.1606
3.4131 0.7999 6.1656
3.4141 0.8011 6.1706
3.4151 0.8022 6.1756
3.4161 0.8034 6.1806
3.4171 0.8045 6.1856
3.4181 0.8056 6.1906
3.4191 0.8067 6.1956
3.4201 0.8078 6.2006
3.4211 0.8089 6.2056
3.4221 0.81 6.2106
3.4231 0.8111 6.2156
3.4241 0.8122 6.2206
3.4251 0.8132 6.2256
3.4261 0.8143 6.2306
3.4271 0.8153 6.2356
3.4281 0.8163 6.2406
3.4291 0.8173 6.2456
3.4301 0.8183 6.2506
3.4311 0.8193 6.2556
3.4321 0.8203 6.2606
3.4331 0.8213 6.2656
3.4341 0.8223 6.2706
3.4351 0.8232 6.2756
3.4361 0.8242 6.2806
3.4371 0.8251 6.2856
3.4381 0.826 6.2906
3.4391 0.827 6.2956
3.4401 0.8279 6.3006
3.4411 0.8288 6.3056
3.4421 0.8296 6.3106
3.4431 0.8305 6.3156
3.4441 0.8314 6.3206
3.4451 0.8322 6.3256
3.4461 0.8331 6.3306
3.4471 0.8339 6.3356
3.4481 0.8348 6.3406
3.4491 0.8356 6.3456
3.4501 0.8364 6.3506
3.4511 0.8372 6.3556
3.4521 0.838 6.3606
3.4531 0.8388 6.3656
3.4541 0.8395 6.3706
3.4551 0.8403 6.3756
3.4561 0.841 6.3806
3.4571 0.8418 6.3856
3.4581 0.8425 6.3906
3.4591 0.8432 6.3956
3.4601 0.8439 6.4006
3.4611 0.8446 6.4056
3.4621 0.8453 6.4106
3.4631 0.846 6.4156
3.4641 0.8467 6.4206
3.4651 0.8474 6.4256
3.4661 0.848 6.4306
3.4671 0.8486 6.4356
3.4681 0.8493 6.4406
3.4691 0.8499 6.4456
3.4701 0.8505 6.4506
3.4711 0.8511 6.4556
3.4721 0.8517 6.4606
3.4731 0.8523 6.4656
3.4741 0.8529 6.4706
3.4751 0.8534 6.4756
3.4761 0.854 6.4806
3.4771 0.8545 6.4856
3.4781 0.8551 6.4906
3.4791 0.8556 6.4956
3.4801 0.8561 6.5006
3.4811 0.8566 6.5056
3.4821 0.8571 6.5106
3.4831 0.8576 6.5156
3.4841 0.8581 6.5206
3.4851 0.8585 6.5256
3.4861 0.859 6.5306
3.4871 0.8594 6.5356
3.4881 0.8599 6.5406
3.4891 0.8603 6.5456
3.4901 0.8607 6.5506
3.4911 0.8611 6.5556
3.4921 0.8615 6.5606
3.4931 0.8619 6.5656
3.4941 0.8623 6.5706
3.4951 0.8627 6.5756
3.4961 0.863 6.5806
3.4971 0.8634 6.5856
3.4981 0.8637 6.5906
3.4991 0.864 6.5956
3.5001 0.8643 6.6006
3.5011 0.8647 6.6056
3.5021 0.865 6.6106
3.5031 0.8652 6.6156
3.5041 0.8655 6.6206
3.5051 0.8658 6.6256
3.5061 0.8661 6.6306
3.5071 0.8663 6.6356
3.5081 0.8665 6.6406
3.5091 0.8668 6.6456
3.5101 0.867 6.6506
3.5111 0.8672 6.6556
3.5121 0.8674 6.6606
3.5131 0.8676 6.6656
3.5141 0.8678 6.6706
3.5151 0.8679 6.6756
3.5161 0.8681 6.6806
3.5171 0.8683 6.6856
3.5181 0.8684 6.6906
3.5191 0.8685 6.6956
3.5201 0.8687 6.7006
3.5211 0.8688 6.7056
3.5221 0.8689 6.7106
3.5231 0.869 6.7156
3.5241 0.8691 6.7206
3.5251 0.8691 6.7256
3.5261 0.8692 6.7306
3.5271 0.8692 6.7356
3.5281 0.8693 6.7406
3.5291 0.8693 6.7456
3.5301 0.8693 6.7506
3.5311 0.8694 6.7556
3.5321 0.8694 6.7606
3.5331 0.8694 6.7656
3.5341 0.8693 6.7706
3.5351 0.8693 6.7756
3.5361 0.8693 6.7806
3.5371 0.8692 6.7856
3.5381 0.8692 6.7906
3.5391 0.8691 6.7956
3.5401 0.869 6.8006
3.5411 0.869 6.8056
3.5421 0.8689 6.8106
3.5431 0.8688 6.8156
3.5441 0.8687 6.8206
3.5451 0.8685 6.8256
3.5461 0.8684 6.8306
3.5471 0.8683 6.8356
3.5481 0.8681 6.8406
3.5491 0.8679 6.8456
3.5501 0.8678 6.8506
3.5511 0.8676 6.8556
3.5521 0.8674 6.8606
3.5531 0.8672 6.8656
3.5541 0.867 6.8706
3.5551 0.8668 6.8756
3.5561 0.8665 6.8806
3.5571 0.8663 6.8856
3.5581 0.866 6.8906
3.5591 0.8658 6.8956
3.5601 0.8655 6.9006
3.5611 0.8652 6.9056
3.5621 0.8649 6.9106
3.5631 0.8646 6.9156
3.5641 0.8643 6.9206
3.5651 0.864 6.9256
3.5661 0.8637 6.9306
3.5671 0.8633 6.9356
3.5681 0.863 6.9406
3.5691 0.8626 6.9456
3.5701 0.8623 6.9506
3.5711 0.8619 6.9556
3.5721 0.8615 6.9606
3.5731 0.8611 6.9656
3.5741 0.8607 6.9706
3.5751 0.8603 6.9756
3.5761 0.8599 6.9806
3.5771 0.8594 6.9856
3.5781 0.859 6.9906
3.5791 0.8585 6.9956
3.5801 0.8581 7.0006
3.5811 0.8576 7.0056
3.5821 0.8571 7.0106
3.5831 0.8566 7.0156
3.5841 0.8561 7.0206
3.5851 0.8556 7.0256
3.5861 0.8551 7.0306
3.5871 0.8545 7.0356
3.5881 0.854 7.0406
3.5891 0.8534 7.0456
3.5901 0.8529 7.0506
3.5911 0.8523 7.0556
3.5921 0.8517 7.0606
3.5931 0.8511 7.0656
3.5941 0.8505 7.0706
3.5951 0.8499 7.0756
3.5961 0.8493 7.0806
3.5971 0.8486 7.0856
3.5981 0.848 7.0906
3.5991 0.8473 7.0956
3.6001 0.8467 7.1006
3.6011 0.846 7.1056
3.6021 0.8453 7.1106
3.6031 0.8446 7.1156
3.6041 0.8439 7.1206
3.6051 0.8432 7.1256
3.6061 0.8425 7.1306
3.6071 0.8418 7.1356
3.6081 0.841 7.1406
3.6091 0.8403 7.1456
3.6101 0.8395 7.1506
3.6111 0.8387 7.1556
3.6121 0.838 7.1606
3.6131 0.8372 7.1656
3.6141 0.8364 7.1706
3.6151 0.8356 7.1756
3.6161 0.8347 7.1806
3.6171 0.8339 7.1856
3.6181 0.8331 7.1906
3.6191 0.8322 7.1956
3.6201 0.8314 7.2006
3.6211 0.8305 7.2056
3.6221 0.8296 7.2106
3.6231 0.8287 7.2156
3.6241 0.8278 7.2206
3.6251 0.8269 7.2256
3.6261 0.826 7.2306
3.6271 0.8251 7.2356
3.6281 0.8241 7.2406
3.6291 0.8232 7.2456
3.6301 0.8222 7.2506
3.6311 0.8213 7.2556
3.6321 0.8203 7.2606
3.6331 0.8193 7.2656
3.6341 0.8183 7.2706
3.6351 0.8173 7.2756
3.6361 0.8163 7.2806
3.6371 0.8153 7.2856
3.6381 0.8142 7.2906
3.6391 0.8132 7.2956
3.6401 0.8121 7.3006
3.6411 0.8111 7.3056
3.6421 0.81 7.3106
3.6431 0.8089 7.3156
3.6441 0.8078 7.3206
3.6451 0.8067 7.3256
3.6461 0.8056 7.3306
3.6471 0.8045 7.3356
3.6481 0.8033 7.3406
3.6491 0.8022 7.3456
3.6501 0.801 7.3506
3.6511 0.7999 7.3556
3.6521 0.7987 7.3606
3.6531 0.7975 7.3656
3.6541 0.7963 7.3706
3.6551 0.7951 7.3756
3.6561 0.7939 7.3806
3.6571 0.7927 7.3856
3.6581 0.7915 7.3906
3.6591 0.7902 7.3956
3.6601 0.789 7.4006
3.6611 0.7877 7.4056
3.6621 0.7864 7.4106
3.6631 0.7852 7.4156
3.6641 0.7839 7.4206
3.6651 0.7826 7.4256
3.6661 0.7813 7.4306
3.6671 0.7799 7.4356
3.6681 0.7786 7.4406
3.6691 0.7773 7.4456
3.6701 0.7759 7.4506
3.6711 0.7746 7.4556
3.6721 0.7732 7.4606
3.6731 0.7718 7.4656
3.6741 0.7704 7.4706
3.6751 0.769 7.4756
3.6761 0.7676 7.4806
3.6771 0.7662 7.4856
3.6781 0.7648 7.4907
3.6791 0.7633 7.4957
3.6801 0.7619 7.5007
3.6811 0.7604 7.5057
3.6821 0.759 7.5107
3.6831 0.7575 7.5157
3.6841 0.756 7.5207
3.6851 0.7545 7.5257
3.6861 0.753 7.5307
3.6871 0.7515 7.5357
3.6881 0.75 7.5407
3.6891 0.7484 7.5457
3.6901 0.7469 7.5507
3.6911 0.7453 7.5557
3.6921 0.7438 7.5607
3.6931 0.7422 7.5657
3.6941 0.7406 7.5707
3.6951 0.739 7.5757
3.6961 0.7374 7.5807
3.6971 0.7358 7.5857
3.6981 0.7342 7.5907
3.6991 0.7325 7.5957
3.7001 0.7309 7.6007
3.7011 0.7292 7.6057
3.7021 0.7276 7.6107
3.7031 0.7259 7.6157
3.7041 0.7242 7.6207
3.7051 0.7225 7.6257
3.7061 0.7208 7.6307
3.7071 0.7191 7.6357
3.7081 0.7174 7.6407
3.7091 0.7157 7.6457
3.7101 0.7139 7.6507
3.7111 0.7122 7.6557
3.7121 0.7104 7.6607
3.7131 0.7086 7.6657
3.7141 0.7069 7.6707
3.7151 0.7051 7.6757
3.7161 0.7033 7.6807
3.7171 0.7015 7.6857
3.7181 0.6996 7.6907
3.7191 0.6978 7.6957
3.7201 0.696 7.7007
3.7211 0.6941 7.7057
3.7221 0.6923 7.7107
3.7231 0.6904 7.7157
3.7241 0.6885 7.7207
3.7251 0.6866 7.7257
3.7261 0.6847 7.7307
3.7271 0.6828 7.7357
3.7281 0.6809 7.7407
3.7291 0.679 7.7457
3.7301 0.677 7.7507
3.7311 0.6751 7.7557
3.7321 0.6731 7.7607
3.7331 0.6712 7.7657
3.7341 0.6692 7.7707
3.7351 0.6672 7.7757
3.7361 0.6652 7.7807
3.7371 0.6632 7.7857
3.7381 0.6612 7.7907
3.7391 0.6591 7.7957
3.7401 0.6571 7.8007
3.7411 0.6551 7.8057
3.7421 0.653 7.8107
3.7431 0.6509 7.8157
3.7441 0.6489 7.8207
3.7451 0.6468 7.8257
3.7461 0.6447 7.8307
3.7471 0.6426 7.8357
3.7481 0.6405 7.8407
3.7491 0.6383 7.8457
3.7501 0.6362 7.8507
3.7511 0.6341 7.8557
3.7521 0.6319 7.8607
3.7531 0.6297 7.8657
3.7541 0.6276 7.8707
3.7551 0.6254 7.8757
3.7561 0.6232 7.8807
3.7571 0.621 7.8857
3.7581 0.6188 7.8907
3.7591 0.6166 7.8957
3.7601 0.6143 7.9007
3.7611 0.6121 7.9057
3.7621 0.6098 7.9107
3.7631 0.6076 7.9157
3.7641 0.6053 7.9207
3.7651 0.603 7.9257
3.7661 0.6007 7.9307
3.7671 0.5984 7.9357
3.7681 0.5961 7.9407
3.7691 0.5938 7.9457
3.7701 0.5915 7.9507
3.7711 0.5891 7.9557
3.7721 0.5868 7.9607
3.7731 0.5844 7.9657
3.7741 0.5821 7.9707
3.7751 0.5797 7.9757
3.7761 0.5773 7.9807
3.7771 0.5749 7.9857
3.7781 0.5725 7.9907
3.7791 0.5701 7.9957
3.7801 0.5676 8.0007
3.7811 0.5652 8.0057
3.7821 0.5627 8.0107
3.7831 0.5603 8.0157
3.7841 0.5578 8.0207
3.7851 0.5553 8.0257
3.7861 0.5529 8.0307
3.7871 0.5504 8.0357
3.7881 0.5478 8.0407
3.7891 0.5453 8.0457
3.7901 0.5428 8.0507
3.7911 0.5403 8.0557
3.7921 0.5377 8.0607
3.7931 0.5352 8.0657
3.7941 0.5326 8.0707
3.7951 0.53 8.0757
3.7961 0.5274 8.0807
3.7971 0.5248 8.0857
3.7981 0.5222 8.0907
3.7991 0.5196 8.0957
3.8001 0.517 8.1007
3.8011 0.5144 8.1057
3.8021 0.5117 8.1107
3.8031 0.5091 8.1157
3.8041 0.5064 8.1207
3.8051 0.5037 8.1257
3.8061 0.5011 8.1307
3.8071 0.4984 8.1357
3.8081 0.4957 8.1407
3.8091 0.4929 8.1457
3.8101 0.4902 8.1507
3.8111 0.4875 8.1557
3.8121 0.4847 8.1607
3.8131 0.482 8.1657
3.8141 0.4792 8.1707
3.8151 0.4765 8.1757
3.8161 0.4737 8.1807
3.8171 0.4709 8.1857
3.8181 0.4681 8.1907
3.8191 0.4653 8.1957
3.8201 0.4625 8.2007
3.8211 0.4596 8.2057
3.8221 0.4568 8.2107
3.8231 0.4539 8.2157
3.8241 0.4511 8.2207
3.8251 0.4482 8.2257
3.8261 0.4453 8.2307
3.8271 0.4424 8.2357
3.8281 0.4395 8.2407
3.8291 0.4366 8.2457
3.8301 0.4337 8.2507
3.8311 0.4308 8.2557
3.8321 0.4278 8.2607
3.8331 0.4249 8.2657
3.8341 0.4219 8.2707
3.8351 0.419 8.2757
3.8361 0.416 8.2807
3.8371 0.413 8.2857
3.8381 0.41 8.2907
3.8391 0.407 8.2957
3.8401 0.404 8.3007
3.8411 0.401 8.3057
3.8421 0.3979 8.3107
3.8431 0.3949 8.3157
3.8441 0.3918 8.3207
3.8451 0.3887 8.3257
3.8461 0.3857 8.3307
3.8471 0.3826 8.3357
3.8481 0.3795 8.3407
3.8491 0.3764 8.3457
3.8501 0.3733 8.3507
3.8511 0.3701 8.3557
3.8521 0.367 8.3607
3.8531 0.3639 8.3657
3.8541 0.3607 8.3707
3.8551 0.3575 8.3757
3.8561 0.3544 8.3807
3.8571 0.3512 8.3857
3.8581 0.348 8.3907
3.8591 0.3448 8.3957
3.8601 0.3416 8.4007
3.8611 0.3384 8.4057
3.8621 0.3351 8.4107
3.8631 0.3319 8.4157
3.8641 0.3286 8.4207
3.8651 0.3254 8.4257
3.8661 0.3221 8.4307
3.8671 0.3188 8.4357
3.8681 0.3155 8.4407
3.8691 0.3122 8.4457
3.8701 0.3089 8.4507
3.8711 0.3056 8.4557
3.8721 0.3023 8.4607
3.8731 0.2989 8.4657
3.8741 0.2956 8.4707
3.8751 0.2922 8.4757
3.8761 0.2888 8.4807
3.8771 0.2855 8.4857
3.8781 0.2821 8.4907
3.8791 0.2787 8.4957
3.8801 0.2753 8.5007
3.8811 0.2718 8.5057
3.8821 0.2684 8.5107
3.8831 0.265 8.5157
3.8841 0.2615 8.5207
3.8851 0.2581 8.5257
3.8861 0.2546 8.5307
3.8871 0.2511 8.5357
3.8881 0.2476 8.5407
3.8891 0.2441 8.5457
3.8901 0.2406 8.5507
3.8911 0.2371 8.5557
3.8921 0.2336 8.5607
3.8931 0.23 8.5657
3.8941 0.2265 8.5707
3.8951 0.2229 8.5757
3.8961 0.2194 8.5807
3.8971 0.2158 8.5857
3.8981 0.2122 8.5907
3.8991 0.2086 8.5957
3.9001 0.205 8.6007
3.9011 0.2014 8.6057
3.9021 0.1978 8.6107
3.9031 0.1941 8.6157
3.9041 0.1905 8.6207
3.9051 0.1868 8.6257
3.9061 0.1832 8.6307
3.9071 0.1795 8.6357
3.9081 0.1758 8.6407
3.9091 0.1721 8.6457
3.9101 0.1684 8.6507
3.9111 0.1647 8.6557
3.9121 0.161 8.6607
3.9131 0.1572 8.6657
3.9141 0.1535 8.6707
3.9151 0.1497 8.6757
3.9161 0.146 8.6807
3.9171 0.1422 8.6857
3.9181 0.1384 8.6907
3.9191 0.1346 8.6957
3.9201 0.1308 8.7007
3.9211 0.127 8.7057
3.9221 0.1232 8.7107
3.9231 0.1194 8.7157
3.9241 0.1155 8.7207
3.9251 0.1117 8.7257
3.9261 0.1078 8.7307
3.9271 0.104 8.7357
3.9281 0.1001 8.7407
3.9291 0.0962 8.7457
3.9301 0.0923 8.7507
3.9311 0.0884 8.7557
3.9321 0.0845 8.7607
3.9331 0.0805 8.7657
3.9341 0.0766 8.7707
3.9351 0.0726 8.7757
3.9361 0.0687 8.7807
3.9371 0.0647 8.7857
3.9381 0.0607 8.7907
3.9391 0.0567 8.7957
3.9401 0.0527 8.8007
3.9411 0.0487 8.8057
3.9421 0.0447 8.8107
3.9431 0.0407 8.8157
3.9441 0.0367 8.8207
3.9451 0.0326 8.8257
3.9461 0.0285 8.8307
3.9471 0.0245 8.8357
3.9481 0.0204 8.8407
3.9491 0.0163 8.8457
3.9501 0.0122 8.8507
3.9511 0.0081 8.8557
3.9521 0.004 8.8607
3.9531 -0 8.8655
