-4.115 0.1 -14.785
-4.108 0.104 -14.755
-4.101 0.108 -14.725
-4.094 0.112 -14.695
-4.087 0.1159 -14.665
-4.08 0.1199 -14.635
-4.073 0.1238 -14.605
-4.066 0.1278 -14.575
-4.059 0.1317 -14.545
-4.052 0.1356 -14.515
-4.045 0.1395 -14.485
-4.038 0.1434 -14.455
-4.031 0.1473 -14.425
-4.024 0.1512 -14.395
-4.017 0.155 -14.365
-4.01 0.1589 -14.335
-4.003 0.1627 -14.305
-3.996 0.1666 -14.275
-3.989 0.1704 -14.245
-3.982 0.1742 -14.215
-3.975 0.178 -14.185
-3.968 0.1818 -14.155
-3.961 0.1856 -14.125
-3.954 0.1894 -14.095
-3.947 0.1932 -14.065
-3.94 0.1969 -14.035
-3.933 0.2007 -14.005
-3.926 0.2044 -13.975
-3.919 0.2082 -13.945
-3.912 0.2119 -13.915
-3.905 0.2156 -13.885
-3.898 0.2193 -13.855
-3.891 0.223 -13.825
-3.884 0.2267 -13.795
-3.877 0.2303 -13.765
-3.87 0.234 -13.735
-3.863 0.2376 -13.705
-3.856 0.2413 -13.675
-3.849 0.2449 -13.645
-3.842 0.2485 -13.615
-3.835 0.2522 -13.585
-3.828 0.2558 -13.555
-3.821 0.2594 -13.525
-3.814 0.2629 -13.495
-3.807 0.2665 -13.465
-3.8 0.2701 -13.435
-3.793 0.2736 -13.405
-3.786 0.2772 -13.375
-3.779 0.2807 -13.345
-3.772 0.2842 -13.315
-3.765 0.2877 -13.2849
-3.758 0.2912 -13.2549
-3.751 0.2947 -13.2249
-3.744 0.2982 -13.1949
-3.737 0.3017 -13.1649
-3.73 0.3052 -13.1349
-3.723 0.3086 -13.1049
-3.716 0.3121 -13.0749
-3.709 0.3155 -13.0449
-3.702 0.3189 -13.0149
-3.695 0.3223 -12.9849
-3.688 0.3258 -12.9549
-3.681 0.3292 -12.9249
-3.674 0.3325 -12.8949
-3.667 0.3359 -12.8649
-3.66 0.3393 -12.8349
-3.653 0.3426 -12.8049
-3.646 0.346 -12.7749
-3.639 0.3493 -12.7449
-3.632 0.3527 -12.7149
-3.625 0.356 -12.6849
-3.618 0.3593 -12.6549
-3.611 0.3626 -12.6249
-3.604 0.3659 -12.5949
-3.597 0.3691 -12.5649
-3.59 0.3724 -12.5349
-3.583 0.3757 -12.5049
-3.576 0.3789 -12.4749
-3.569 0.3822 -12.4449
-3.562 0.3854 -12.4149
-3.555 0.3886 -12.3849
-3.548 0.3918 -12.3549
-3.541 0.395 -12.3249
-3.534 0.3982 -12.2949
-3.527 0.4014 -12.2649
-3.52 0.4046 -12.2349
-3.513 0.4077 -12.2049
-3.506 0.4109 -12.1749
-3.499 0.414 -12.1449
-3.492 0.4172 -12.1149
-3.485 0.4203 -12.0849
-3.478 0.4234 -12.0549
-3.471 0.4265 -12.0249
-3.464 0.4296 -11.9949
-3.457 0.4327 -11.9649
-3.45 0.4357 -11.9349
-3.443 0.4388 -11.9049
-3.436 0.4419 -11.8749
-3.429 0.4449 -11.8449
-3.422 0.4479 -11.8149
-3.415 0.451 -11.7849
-3.408 0.454 -11.7549
-3.401 0.457 -11.7249
-3.394 0.46 -11.6949
-3.387 0.463 -11.6649
-3.38 0.4659 -11.6349
-3.373 0.4689 -11.6049
-3.366 0.4719 -11.5749
-3.359 0.4748 -11.5449
-3.352 0.4777 -11.5149
-3.345 0.4807 -11.4849
-3.338 0.4836 -11.4549
-3.331 0.4865 -11.4249
-3.324 0.4894 -11.3949
-3.317 0.4923 -11.3649
-3.31 0.4951 -11.3349
-3.303 0.498 -11.3049
-3.296 0.5009 -11.2749
-3.289 0.5037 -11.2449
-3.282 0.5066 -11.2149
-3.275 0.5094 -11.1849
-3.268 0.5122 -11.1549
-3.261 0.515 -11.1249
-3.254 0.5178 -11.0949
-3.247 0.5206 -11.0649
-3.24 0.5234 -11.0349
-3.233 0.5261 -11.0049
-3.226 0.5289 -10.9749
-3.219 0.5316 -10.9449
-3.212 0.5344 -10.9149
-3.205 0.5371 -10.8849
-3.198 0.5398 -10.8549
-3.191 0.5425 -10.8249
-3.184 0.5452 -10.7949
-3.177 0.5479 -10.7649
-3.17 0.5506 -10.7349
-3.163 0.5533 -10.7049
-3.156 0.556 -10.6749
-3.149 0.5586 -10.6449
-3.142 0.5612 -10.6149
-3.135 0.5639 -10.5849
-3.128 0.5665 -10.5549
-3.121 0.5691 -10.5249
-3.114 0.5717 -10.4949
-3.107 0.5743 -10.4649
-3.1 0.5769 -10.4349
-3.093 0.5795 -10.4049
-3.086 0.582 -10.3749
-3.079 0.5846 -10.3449
-3.072 0.5871 -10.3149
-3.065 0.5897 -10.2848
-3.058 0.5922 -10.2548
-3.051 0.5947 -10.2248
-3.044 0.5972 -10.1948
-3.037 0.5997 -10.1648
-3.03 0.6022 -10.1348
-3.023 0.6046 -10.1048
-3.016 0.6071 -10.0748
-3.009 0.6096 -10.0448
-3.002 0.612 -10.0148
-2.995 0.6144 -9.9848
-2.988 0.6169 -9.9548
-2.981 0.6193 -9.9248
-2.974 0.6217 -9.8948
-2.967 0.6241 -9.8648
-2.96 0.6265 -9.8348
-2.953 0.6289 -9.8048
-2.946 0.6312 -9.7748
-2.939 0.6336 -9.7448
-2.932 0.6359 -9.7148
-2.925 0.6383 -9.6848
-2.918 0.6406 -9.6548
-2.911 0.6429 -9.6248
-2.904 0.6452 -9.5948
-2.897 0.6475 -9.5648
-2.89 0.6498 -9.5348
-2.883 0.6521 -9.5048
-2.876 0.6543 -9.4748
-2.869 0.6566 -9.4448
-2.862 0.6589 -9.4148
-2.855 0.6611 -9.3848
-2.848 0.6633 -9.3548
-2.841 0.6655 -9.3248
-2.834 0.6677 -9.2948
-2.827 0.6699 -9.2648
-2.82 0.6721 -9.2348
-2.813 0.6743 -9.2048
-2.806 0.6765 -9.1748
-2.799 0.6787 -9.1448
-2.792 0.6808 -9.1148
-2.785 0.6829 -9.0848
-2.778 0.6851 -9.0548
-2.771 0.6872 -9.0248
-2.764 0.6893 -8.9948
-2.757 0.6914 -8.9648
-2.75 0.6935 -8.9348
-2.743 0.6956 -8.9048
-2.736 0.6977 -8.8748
-2.729 0.6997 -8.8448
-2.722 0.7018 -8.8148
-2.715 0.7038 -8.7848
-2.708 0.7058 -8.7548
-2.701 0.7079 -8.7248
-2.694 0.7099 -8.6948
-2.687 0.7119 -8.6648
-2.68 0.7139 -8.6348
-2.673 0.7159 -8.6048
-2.666 0.7178 -8.5748
-2.659 0.7198 -8.5448
-2.652 0.7218 -8.5148
-2.645 0.7237 -8.4848
-2.638 0.7256 -8.4548
-2.631 0.7276 -8.4248
-2.624 0.7295 -8.3948
-2.617 0.7314 -8.3648
-2.6099 0.7333 -8.3348
-2.6029 0.7352 -8.3048
-2.5959 0.737 -8.2748
-2.5889 0.7389 -8.2448
-2.5819 0.7408 -8.2148
-2.5749 0.7426 -8.1848
-2.5679 0.7444 -8.1548
-2.5609 0.7463 -8.1248
-2.5539 0.7481 -8.0948
-2.5469 0.7499 -8.0648
-2.5399 0.7517 -8.0348
-2.5329 0.7535 -8.0048
-2.5259 0.7553 -7.9748
-2.5189 0.757 -7.9448
-2.5119 0.7588 -7.9148
-2.5049 0.7605 -7.8848
-2.4979 0.7623 -7.8548
-2.4909 0.764 -7.8248
-2.4839 0.7657 -7.7948
-2.4769 0.7674 -7.7648
-2.4699 0.7691 -7.7348
-2.4629 0.7708 -7.7048
-2.4559 0.7725 -7.6748
-2.4489 0.7742 -7.6448
-2.4419 0.7758 -7.6148
-2.4349 0.7775 -7.5848
-2.4279 0.7791 -7.5548
-2.4209 0.7808 -7.5248
-2.4139 0.7824 -7.4948
-2.4069 0.784 -7.4648
-2.3999 0.7856 -7.4348
-2.3929 0.7872 -7.4048
-2.3859 0.7888 -7.3748
-2.3789 0.7903 -7.3448
-2.3719 0.7919 -7.3148
-2.3649 0.7935 -7.2847
-2.3579 0.795 -7.2547
-2.3509 0.7965 -7.2247
-2.3439 0.798 -7.1947
-2.3369 0.7996 -7.1647
-2.3299 0.8011 -7.1347
-2.3229 0.8026 -7.1047
-2.3159 0.804 -7.0747
-2.3089 0.8055 -7.0447
-2.3019 0.807 -7.0147
-2.2949 0.8084 -6.9847
-2.2879 0.8099 -6.9547
-2.2809 0.8113 -6.9247
-2.2739 0.8127 -6.8947
-2.2669 0.8142 -6.8647
-2.2599 0.8156 -6.8347
-2.2529 0.817 -6.8047
-2.2459 0.8183 -6.7747
-2.2389 0.8197 -6.7447
-2.2319 0.8211 -6.7147
-2.2249 0.8224 -6.6847
-2.2179 0.8238 -6.6547
-2.2109 0.8251 -6.6247
-2.2039 0.8264 -6.5947
-2.1969 0.8278 -6.5647
-2.1899 0.8291 -6.5347
-2.1829 0.8304 -6.5047
-2.1759 0.8317 -6.4747
-2.1689 0.8329 -6.4447
-2.1619 0.8342 -6.4147
-2.1549 0.8355 -6.3847
-2.1479 0.8367 -6.3547
-2.1409 0.8379 -6.3247
-2.1339 0.8392 -6.2947
-2.1269 0.8404 -6.2647
-2.1199 0.8416 -6.2347
-2.1129 0.8428 -6.2047
-2.1059 0.844 -6.1747
-2.0989 0.8452 -6.1447
-2.0919 0.8463 -6.1147
-2.0849 0.8475 -6.0847
-2.0779 0.8487 -6.0547
-2.0709 0.8498 -6.0247
-2.0639 0.8509 -5.9947
-2.0569 0.852 -5.9647
-2.0499 0.8532 -5.9347
-2.0429 0.8543 -5.9047
-2.0359 0.8553 -5.8747
-2.0289 0.8564 -5.8447
-2.0219 0.8575 -5.8147
-2.0149 0.8586 -5.7847
-2.0079 0.8596 -5.7547
-2.0009 0.8607 -5.7247
-1.9939 0.8617 -5.6947
-1.9869 0.8627 -5.6647
-1.9799 0.8637 -5.6347
-1.9729 0.8647 -5.6047
-1.9659 0.8657 -5.5747
-1.9589 0.8667 -5.5447
-1.9519 0.8677 -5.5147
-1.9449 0.8686 -5.4847
-1.9379 0.8696 -5.4547
-1.9309 0.8705 -5.4247
-1.9239 0.8715 -5.3947
-1.9169 0.8724 -5.3647
-1.9099 0.8733 -5.3347
-1.9029 0.8742 -5.3047
-1.8959 0.8751 -5.2747
-1.8889 0.876 -5.2447
-1.8819 0.8769 -5.2147
-1.8749 0.8777 -5.1847
-1.8679 0.8786 -5.1547
-1.8609 0.8794 -5.1247
-1.8539 0.8803 -5.0947
-1.8469 0.8811 -5.0647
-1.8399 0.8819 -5.0347
-1.8329 0.8827 -5.0047
-1.8259 0.8835 -4.9747
-1.8189 0.8843 -4.9447
-1.8119 0.8851 -4.9147
-1.8049 0.8859 -4.8847
-1.7979 0.8866 -4.8547
-1.7909 0.8874 -4.8247
-1.7839 0.8881 -4.7947
-1.7769 0.8888 -4.7647
-1.7699 0.8895 -4.7347
-1.7629 0.8903 -4.7047
-1.7559 0.891 -4.6747
-1.7489 0.8916 -4.6447
-1.7419 0.8923 -4.6147
-1.7349 0.893 -4.5847
-1.7279 0.8936 -4.5547
-1.7209 0.8943 -4.5247
-1.7139 0.8949 -4.4947
-1.7069 0.8956 -4.4647
-1.6999 0.8962 -4.4347
-1.6929 0.8968 -4.4047
-1.6859 0.8974 -4.3747
-1.6789 0.898 -4.3447
-1.6719 0.8986 -4.3147
-1.6649 0.8991 -4.2846
-1.6579 0.8997 -4.2546
-1.6509 0.9003 -4.2246
-1.6439 0.9008 -4.1946
-1.6369 0.9013 -4.1646
-1.6299 0.9019 -4.1346
-1.6229 0.9024 -4.1046
-1.6159 0.9029 -4.0746
-1.6089 0.9034 -4.0446
-1.6019 0.9038 -4.0146
-1.5949 0.9043 -3.9846
-1.5879 0.9048 -3.9546
-1.5809 0.9052 -3.9246
-1.5739 0.9057 -3.8946
-1.5669 0.9061 -3.8646
-1.5599 0.9065 -3.8346
-1.5529 0.907 -3.8046
-1.5459 0.9074 -3.7746
-1.5389 0.9078 -3.7446
-1.5319 0.9081 -3.7146
-1.5249 0.9085 -3.6846
-1.5179 0.9089 -3.6546
-1.5109 0.9092 -3.6246
-1.5039 0.9096 -3.5946
-1.4969 0.9099 -3.5646
-1.4899 0.9102 -3.5346
-1.4829 0.9106 -3.5046
-1.4759 0.9109 -3.4746
-1.4689 0.9112 -3.4446
-1.4619 0.9114 -3.4146
-1.4549 0.9117 -3.3846
-1.4479 0.912 -3.3546
-1.4409 0.9122 -3.3246
-1.4339 0.9125 -3.2946
-1.4269 0.9127 -3.2646
-1.4199 0.913 -3.2346
-1.4129 0.9132 -3.2046
-1.4059 0.9134 -3.1746
-1.3989 0.9136 -3.1446
-1.3919 0.9138 -3.1146
-1.3849 0.914 -3.0846
-1.3779 0.9141 -3.0546
-1.3709 0.9143 -3.0246
-1.3639 0.9144 -2.9946
-1.3569 0.9146 -2.9646
-1.3499 0.9147 -2.9346
-1.3429 0.9148 -2.9046
-1.3359 0.9149 -2.8746
-1.3289 0.915 -2.8446
-1.3219 0.9151 -2.8146
-1.3149 0.9152 -2.7846
-1.3079 0.9153 -2.7546
-1.3009 0.9153 -2.7246
-1.2939 0.9154 -2.6946
-1.2869 0.9154 -2.6646
-1.2799 0.9155 -2.6346
-1.2729 0.9155 -2.6046
-1.2659 0.9155 -2.5746
-1.2589 0.9155 -2.5446
-1.2519 0.9155 -2.5146
-1.2449 0.9155 -2.4846
-1.2379 0.9154 -2.4546
-1.2309 0.9154 -2.4246
-1.2239 0.9154 -2.3946
-1.2169 0.9153 -2.3646
-1.2099 0.9152 -2.3346
-1.2029 0.9152 -2.3046
-1.1959 0.9151 -2.2746
-1.1889 0.915 -2.2446
-1.1819 0.9149 -2.2146
-1.1749 0.9148 -2.1846
-1.1679 0.9146 -2.1546
-1.1609 0.9145 -2.1246
-1.1539 0.9144 -2.0946
-1.1469 0.9142 -2.0646
-1.1399 0.914 -2.0346
-1.1329 0.9139 -2.0046
-1.1259 0.9137 -1.9746
-1.1189 0.9135 -1.9446
-1.1119 0.9133 -1.9146
-1.1049 0.9131 -1.8846
-1.0979 0.9128 -1.8546
-1.0909 0.9126 -1.8246
-1.0839 0.9124 -1.7946
-1.0769 0.9121 -1.7646
-1.0699 0.9118 -1.7346
-1.0629 0.9116 -1.7046
-1.0559 0.9113 -1.6746
-1.0489 0.911 -1.6446
-1.0419 0.9107 -1.6146
-1.0349 0.9104 -1.5846
-1.0279 0.9101 -1.5546
-1.0209 0.9097 -1.5246
-1.0139 0.9094 -1.4946
-1.0069 0.909 -1.4646
-0.9999 0.9087 -1.4346
-0.9929 0.9083 -1.4046
-0.9859 0.9079 -1.3746
-0.9789 0.9075 -1.3446
-0.9719 0.9071 -1.3146
-0.9649 0.9067 -1.2845
-0.9579 0.9063 -1.2545
-0.9509 0.9059 -1.2245
-0.9439 0.9054 -1.1945
-0.9369 0.905 -1.1645
-0.9299 0.9045 -1.1345
-0.9229 0.9041 -1.1045
-0.9159 0.9036 -1.0745
-0.9089 0.9031 -1.0445
-0.9019 0.9026 -1.0145
-0.8949 0.9021 -0.9845
-0.8879 0.9016 -0.9545
-0.8809 0.901 -0.9245
-0.8739 0.9005 -0.8945
-0.8669 0.9 -0.8645
-0.8599 0.8994 -0.8345
-0.8529 0.8988 -0.8045
-0.8459 0.8983 -0.7745
-0.8389 0.8977 -0.7445
-0.8319 0.8971 -0.7145
-0.8249 0.8965 -0.6845
-0.8179 0.8959 -0.6545
-0.8109 0.8952 -0.6245
-0.8039 0.8946 -0.5945
-0.7969 0.894 -0.5645
-0.7899 0.8933 -0.5345
-0.7829 0.8926 -0.5045
-0.7759 0.892 -0.4745
-0.7689 0.8913 -0.4445
-0.7619 0.8906 -0.4145
-0.7549 0.8899 -0.3845
-0.7479 0.8892 -0.3545
-0.7409 0.8884 -0.3245
-0.7339 0.8877 -0.2945
-0.7269 0.887 -0.2645
-0.7199 0.8862 -0.2345
-0.7129 0.8854 -0.2045
-0.7059 0.8847 -0.1745
-0.6989 0.8839 -0.1445
-0.6919 0.8831 -0.1145
-0.6849 0.8823 -0.0845
-0.6779 0.8815 -0.0545
-0.6709 0.8807 -0.0245
-0.6639 0.8798 0.0055
-0.6569 0.879 0.0355
-0.6499 0.8781 0.0655
-0.6429 0.8773 0.0955
-0.6359 0.8764 0.1255
-0.6289 0.8755 0.1555
-0.6219 0.8746 0.1855
-0.6149 0.8737 0.2155
-0.6079 0.8728 0.2455
-0.6009 0.8719 0.2755
-0.5939 0.871 0.3055
-0.5869 0.87 0.3355
-0.5799 0.8691 0.3655
-0.5729 0.8681 0.3955
-0.5659 0.8672 0.4255
-0.5589 0.8662 0.4555
-0.5519 0.8652 0.4855
-0.5449 0.8642 0.5155
-0.5379 0.8632 0.5455
-0.5309 0.8622 0.5755
-0.5239 0.8611 0.6055
-0.5169 0.8601 0.6355
-0.5099 0.8591 0.6655
-0.5029 0.858 0.6955
-0.4959 0.8569 0.7255
-0.4889 0.8559 0.7555
-0.4819 0.8548 0.7855
-0.4749 0.8537 0.8155
-0.4679 0.8526 0.8455
-0.4609 0.8514 0.8755
-0.4539 0.8503 0.9055
-0.4469 0.8492 0.9355
-0.4399 0.848 0.9655
-0.4329 0.8469 0.9955
-0.4259 0.8457 1.0255
-0.4189 0.8445 1.0555
-0.4119 0.8434 1.0855
-0.4049 0.8422 1.1155
-0.3979 0.841 1.1455
-0.3909 0.8397 1.1755
-0.3839 0.8385 1.2055
-0.3769 0.8373 1.2355
-0.3699 0.836 1.2655
-0.3629 0.8348 1.2955
-0.3559 0.8335 1.3255
-0.3489 0.8323 1.3555
-0.3419 0.831 1.3855
-0.3349 0.8297 1.4155
-0.3279 0.8284 1.4455
-0.3209 0.8271 1.4755
-0.3139 0.8257 1.5055
-0.3069 0.8244 1.5355
-0.2999 0.8231 1.5655
-0.2929 0.8217 1.5955
-0.2859 0.8204 1.6255
-0.2789 0.819 1.6555
-0.2719 0.8176 1.6855
-0.2649 0.8162 1.7156
-0.2579 0.8148 1.7456
-0.2509 0.8134 1.7756
-0.2439 0.812 1.8056
-0.2369 0.8106 1.8356
-0.2299 0.8091 1.8656
-0.2229 0.8077 1.8956
-0.2159 0.8062 1.9256
-0.2089 0.8047 1.9556
-0.2019 0.8033 1.9856
-0.1949 0.8018 2.0156
-0.1879 0.8003 2.0456
-0.1809 0.7988 2.0756
-0.1739 0.7972 2.1056
-0.1669 0.7957 2.1356
-0.1599 0.7942 2.1656
-0.1529 0.7926 2.1956
-0.1459 0.7911 2.2256
-0.1389 0.7895 2.2556
-0.1319 0.7879 2.2856
-0.1249 0.7863 2.3156
-0.1179 0.7847 2.3456
-0.1109 0.7831 2.3756
-0.1039 0.7815 2.4056
-0.0969 0.7799 2.4356
-0.0899 0.7783 2.4656
-0.0829 0.7766 2.4956
-0.0759 0.775 2.5256
-0.0689 0.7733 2.5556
-0.0619 0.7716 2.5856
-0.0549 0.7699 2.6156
-0.0479 0.7682 2.6456
-0.0409 0.7665 2.6756
-0.0339 0.7648 2.7056
-0.0269 0.7631 2.7356
-0.0199 0.7614 2.7656
-0.0129 0.7596 2.7956
-0.0059 0.7579 2.8256
0.0011 0.7561 2.8556
0.0081 0.7543 2.8856
0.0151 0.7525 2.9156
0.0221 0.7507 2.9456
0.0291 0.7489 2.9756
0.0361 0.7471 3.0056
0.0431 0.7453 3.0356
0.0501 0.7435 3.0656
0.0571 0.7416 3.0956
0.0641 0.7398 3.1256
0.0711 0.7379 3.1556
0.0781 0.736 3.1856
0.0851 0.7342 3.2156
0.0921 0.7323 3.2456
0.0991 0.7304 3.2756
0.1061 0.7285 3.3056
0.1131 0.7265 3.3356
0.1201 0.7246 3.3656
0.1271 0.7227 3.3956
0.1341 0.7207 3.4256
0.1411 0.7188 3.4556
0.1481 0.7168 3.4856
0.1551 0.7148 3.5156
0.1621 0.7128 3.5456
0.1691 0.7108 3.5756
0.1761 0.7088 3.6056
0.1831 0.7068 3.6356
0.1901 0.7048 3.6656
0.1971 0.7027 3.6956
0.2041 0.7007 3.7256
0.2111 0.6986 3.7556
0.2181 0.6966 3.7856
0.2251 0.6945 3.8156
0.2321 0.6924 3.8456
0.2391 0.6903 3.8756
0.2461 0.6882 3.9056
0.2531 0.6861 3.9356
0.2601 0.6839 3.9656
0.2671 0.6818 3.9956
0.2741 0.6797 4.0256
0.2811 0.6775 4.0556
0.2881 0.6753 4.0856
0.2951 0.6732 4.1156
0.3021 0.671 4.1456
0.3091 0.6688 4.1756
0.3161 0.6666 4.2056
0.3231 0.6644 4.2356
0.3301 0.6621 4.2656
0.3371 0.6599 4.2956
0.3441 0.6577 4.3256
0.3511 0.6554 4.3556
0.3581 0.6531 4.3856
0.3651 0.6509 4.4156
0.3721 0.6486 4.4456
0.3791 0.6463 4.4756
0.3862 0.644 4.5056
0.3932 0.6417 4.5356
0.4002 0.6393 4.5656
0.4072 0.637 4.5956
0.4142 0.6347 4.6256
0.4212 0.6323 4.6556
0.4282 0.63 4.6856
0.4352 0.6276 4.7157
0.4422 0.6252 4.7457
0.4492 0.6228 4.7757
0.4562 0.6204 4.8057
0.4632 0.618 4.8357
0.4702 0.6156 4.8657
0.4772 0.6131 4.8957
0.4842 0.6107 4.9257
0.4912 0.6083 4.9557
0.4982 0.6058 4.9857
0.5052 0.6033 5.0157
0.5122 0.6008 5.0457
0.5192 0.5984 5.0757
0.5262 0.5959 5.1057
0.5332 0.5933 5.1357
0.5402 0.5908 5.1657
0.5472 0.5883 5.1957
0.5542 0.5858 5.2257
0.5612 0.5832 5.2557
0.5682 0.5807 5.2857
0.5752 0.5781 5.3157
0.5822 0.5755 5.3457
0.5892 0.5729 5.3757
0.5962 0.5703 5.4057
0.6032 0.5677 5.4357
0.6102 0.5651 5.4657
0.6172 0.5625 5.4957
0.6242 0.5598 5.5257
0.6312 0.5572 5.5557
0.6382 0.5545 5.5857
0.6452 0.5519 5.6157
0.6522 0.5492 5.6457
0.6592 0.5465 5.6757
0.6662 0.5438 5.7057
0.6732 0.5411 5.7357
0.6802 0.5384 5.7657
0.6872 0.5357 5.7957
0.6942 0.5329 5.8257
0.7012 0.5302 5.8557
0.7082 0.5274 5.8857
0.7152 0.5247 5.9157
0.7222 0.5219 5.9457
0.7292 0.5191 5.9757
0.7362 0.5163 6.0057
0.7432 0.5135 6.0357
0.7502 0.5107 6.0657
0.7572 0.5079 6.0957
0.7642 0.505 6.1257
0.7712 0.5022 6.1557
0.7782 0.4993 6.1857
0.7852 0.4965 6.2157
0.7922 0.4936 6.2457
0.7992 0.4907 6.2757
0.8062 0.4878 6.3057
0.8132 0.4849 6.3357
0.8202 0.482 6.3657
0.8272 0.4791 6.3957
0.8342 0.4762 6.4257
0.8412 0.4732 6.4557
0.8482 0.4703 6.4857
0.8552 0.4673 6.5157
0.8622 0.4643 6.5457
0.8692 0.4614 6.5757
0.8762 0.4584 6.6057
0.8832 0.4554 6.6357
0.8902 0.4524 6.6657
0.8972 0.4494 6.6957
0.9042 0.4463 6.7257
0.9112 0.4433 6.7557
0.9182 0.4402 6.7857
0.9252 0.4372 6.8157
0.9322 0.4341 6.8457
0.9392 0.431 6.8757
0.9462 0.4279 6.9057
0.9532 0.4248 6.9357
0.9602 0.4217 6.9657
0.9672 0.4186 6.9957
0.9742 0.4155 7.0257
0.9812 0.4124 7.0557
0.9882 0.4092 7.0857
0.9952 0.406 7.1157
1.0022 0.4029 7.1457
1.0092 0.3997 7.1757
1.0162 0.3965 7.2057
1.0232 0.3933 7.2357
1.0302 0.3901 7.2657
1.0372 0.3869 7.2957
1.0442 0.3837 7.3257
1.0512 0.3804 7.3557
1.0582 0.3772 7.3857
1.0652 0.3739 7.4157
1.0722 0.3707 7.4457
1.0792 0.3674 7.4757
1.0862 0.3641 7.5057
1.0932 0.3608 7.5357
1.1002 0.3575 7.5657
1.1072 0.3542 7.5957
1.1142 0.3509 7.6257
1.1212 0.3475 7.6557
1.1282 0.3442 7.6857
1.1352 0.3409 7.7158
1.1422 0.3375 7.7458
1.1492 0.3341 7.7758
1.1562 0.3307 7.8058
1.1632 0.3273 7.8358
1.1702 0.3239 7.8658
1.1772 0.3205 7.8958
1.1842 0.3171 7.9258
1.1912 0.3137 7.9558
1.1982 0.3102 7.9858
1.2052 0.3068 8.0158
1.2122 0.3033 8.0458
1.2192 0.2999 8.0758
1.2262 0.2964 8.1058
1.2332 0.2929 8.1358
1.2402 0.2894 8.1658
1.2472 0.2859 8.1958
1.2542 0.2824 8.2258
1.2612 0.2788 8.2558
1.2682 0.2753 8.2858
1.2752 0.2717 8.3158
1.2822 0.2682 8.3458
1.2892 0.2646 8.3758
1.2962 0.261 8.4058
1.3032 0.2574 8.4358
1.3102 0.2538 8.4658
1.3172 0.2502 8.4958
1.3242 0.2466 8.5258
1.3312 0.243 8.5558
1.3382 0.2394 8.5858
1.3452 0.2357 8.6158
1.3522 0.232 8.6458
1.3592 0.2284 8.6758
1.3662 0.2247 8.7058
1.3732 0.221 8.7358
1.3802 0.2173 8.7658
1.3872 0.2136 8.7958
1.3942 0.2099 8.8258
1.4012 0.2062 8.8558
1.4082 0.2024 8.8858
1.4152 0.1987 8.9158
1.4222 0.1949 8.9458
1.4292 0.1912 8.9758
1.4362 0.1874 9.0058
1.4432 0.1836 9.0358
1.4502 0.1798 9.0658
1.4572 0.176 9.0958
1.4642 0.1722 9.1258
1.4712 0.1684 9.1558
1.4782 0.1645 9.1858
1.4852 0.1607 9.2158
1.4922 0.1568 9.2458
1.4992 0.153 9.2758
1.5062 0.1491 9.3058
1.5132 0.1452 9.3358
1.5202 0.1413 9.3658
1.5272 0.1374 9.3958
1.5342 0.1335 9.4258
1.5412 0.1296 9.4558
1.5482 0.1257 9.4858
1.5552 0.1217 9.5158
1.5622 0.1178 9.5458
1.5692 0.1138 9.5758
1.5762 0.1098 9.6058
1.5832 0.1059 9.6358
1.5902 0.1019 9.6658
1.5972 0.0979 9.6958
1.6042 0.0939 9.7258
1.6112 0.0898 9.7558
1.6182 0.0858 9.7858
1.6252 0.0818 9.8158
1.6322 0.0777 9.8458
1.6392 0.0737 9.8758
1.6462 0.0696 9.9058
1.6532 0.0655 9.9358
1.6602 0.0614 9.9658
1.6672 0.0573 9.9958
1.6742 0.0532 10.0258
1.6812 0.0491 10.0558
1.6882 0.045 10.0858
1.6952 0.0408 10.1158
1.7022 0.0367 10.1458
1.7092 0.0325 10.1758
1.7162 0.0284 10.2058
1.7232 0.0242 10.2358
1.7302 0.02 10.2658
1.7372 0.0158 10.2958
1.7442 0.0116 10.3258
1.7512 0.0074 10.3558
1.7582 0.0031 10.3858
1.7634 -0 10.4081
1.7634 0 10.4081
1.7704 0.003 10.4382
1.7774 0.0059 10.4682
1.7844 0.0089 10.4982
1.7914 0.0118 10.5282
1.7984 0.0147 10.5582
1.8054 0.0176 10.5882
1.8124 0.0205 10.6182
1.8194 0.0234 10.6482
1.8264 0.0263 10.6782
1.8334 0.0292 10.7082
1.8404 0.032 10.7382
1.8474 0.0349 10.7682
1.8544 0.0377 10.7982
1.8614 0.0406 10.8282
1.8684 0.0434 10.8582
1.8754 0.0462 10.8882
1.8824 0.049 10.9182
1.8894 0.0518 10.9482
1.8964 0.0546 10.9782
1.9034 0.0574 11.0082
1.9104 0.0601 11.0382
1.9174 0.0629 11.0682
1.9244 0.0656 11.0982
1.9314 0.0684 11.1282
1.9384 0.0711 11.1582
1.9454 0.0738 11.1882
1.9524 0.0765 11.2182
1.9594 0.0792 11.2482
1.9664 0.0819 11.2782
1.9734 0.0846 11.3082
1.9804 0.0873 11.3382
1.9874 0.0899 11.3682
1.9944 0.0926 11.3982
2.0014 0.0952 11.4282
2.0084 0.0978 11.4582
2.0154 0.1004 11.4882
2.0224 0.1031 11.5182
2.0294 0.1057 11.5482
2.0364 0.1082 11.5782
2.0434 0.1108 11.6082
2.0504 0.1134 11.6382
2.0574 0.116 11.6682
2.0644 0.1185 11.6982
2.0714 0.121 11.7282
2.0784 0.1236 11.7582
2.0854 0.1261 11.7882
2.0924 0.1286 11.8182
2.0994 0.1311 11.8482
2.1064 0.1336 11.8782
2.1134 0.1361 11.9082
2.1204 0.1385 11.9382
2.1274 0.141 11.9682
2.1344 0.1435 11.9982
2.1414 0.1459 12.0282
2.1484 0.1483 12.0582
2.1554 0.1508 12.0882
2.1624 0.1532 12.1182
2.1694 0.1556 12.1482
2.1764 0.158 12.1782
2.1834 0.1603 12.2082
2.1904 0.1627 12.2382
2.1974 0.1651 12.2682
2.2044 0.1674 12.2982
2.2114 0.1698 12.3282
2.2184 0.1721 12.3582
2.2254 0.1744 12.3882
2.2324 0.1768 12.4182
2.2394 0.1791 12.4482
2.2464 0.1814 12.4782
2.2534 0.1836 12.5082
2.2604 0.1859 12.5382
2.2674 0.1882 12.5682
2.2744 0.1904 12.5982
2.2814 0.1927 12.6282
2.2884 0.1949 12.6582
2.2954 0.1971 12.6882
2.3024 0.1994 12.7182
2.3094 0.2016 12.7482
2.3164 0.2038 12.7782
2.3234 0.206 12.8082
2.3304 0.2081 12.8382
2.3374 0.2103 12.8682
2.3444 0.2125 12.8982
2.3514 0.2146 12.9282
2.3584 0.2167 12.9582
2.3654 0.2189 12.9882
2.3724 0.221 13.0182
2.3794 0.2231 13.0482
2.3864 0.2252 13.0782
2.3934 0.2273 13.1082
2.4004 0.2294 13.1382
2.4074 0.2314 13.1682
2.4144 0.2335 13.1982
2.4214 0.2355 13.2282
2.4284 0.2376 13.2582
2.4354 0.2396 13.2882
2.4424 0.2416 13.3182
2.4494 0.2436 13.3482
2.4564 0.2456 13.3782
2.4634 0.2476 13.4082
2.4704 0.2496 13.4383
2.4774 0.2516 13.4683
2.4844 0.2535 13.4983
2.4914 0.2555 13.5283
2.4984 0.2574 13.5583
2.5054 0.2594 13.5883
2.5124 0.2613 13.6183
2.5194 0.2632 13.6483
2.5264 0.2651 13.6783
2.5334 0.267 13.7083
2.5404 0.2689 13.7383
2.5474 0.2708 13.7683
2.5544 0.2726 13.7983
2.5614 0.2745 13.8283
2.5684 0.2763 13.8583
2.5754 0.2781 13.8883
2.5824 0.28 13.9183
2.5894 0.2818 13.9483
2.5964 0.2836 13.9783
2.6034 0.2854 14.0083
2.6104 0.2872 14.0383
2.6174 0.2889 14.0683
2.6244 0.2907 14.0983
2.6314 0.2925 14.1283
2.6384 0.2942 14.1583
2.6454 0.2959 14.1883
2.6524 0.2977 14.2183
2.6594 0.2994 14.2483
2.6664 0.3011 14.2783
2.6734 0.3028 14.3083
2.6804 0.3045 14.3383
2.6874 0.3061 14.3683
2.6944 0.3078 14.3983
2.7014 0.3095 14.4283
2.7084 0.3111 14.4583
2.7154 0.3128 14.4883
2.7224 0.3144 14.5183
2.7294 0.316 14.5483
2.7364 0.3176 14.5783
2.7434 0.3192 14.6083
2.7504 0.3208 14.6383
2.7574 0.3224 14.6683
2.7644 0.3239 14.6983
2.7714 0.3255 14.7283
2.7784 0.3271 14.7583
2.7854 0.3286 14.7883
2.7924 0.3301 14.8183
2.7994 0.3316 14.8483
2.8064 0.3332 14.8783
2.8134 0.3347 14.9083
2.8204 0.3361 14.9383
2.8274 0.3376 14.9683
2.8344 0.3391 14.9983
2.8414 0.3406 15.0283
2.8484 0.342 15.0583
2.8554 0.3434 15.0883
2.8624 0.3449 15.1183
2.8694 0.3463 15.1483
2.8764 0.3477 15.1783
2.8834 0.3491 15.2083
2.8904 0.3505 15.2383
2.8974 0.3519 15.2683
2.9044 0.3533 15.2983
2.9114 0.3546 15.3283
2.9184 0.356 15.3583
2.9254 0.3573 15.3883
2.9324 0.3587 15.4183
2.9394 0.36 15.4483
2.9464 0.3613 15.4783
2.9534 0.3626 15.5083
2.9604 0.3639 15.5383
2.9674 0.3652 15.5683
2.9744 0.3664 15.5983
2.9814 0.3677 15.6283
2.9884 0.369 15.6583
2.9954 0.3702 15.6883
3.0024 0.3714 15.7183
3.0094 0.3727 15.7483
3.0164 0.3739 15.7783
3.0234 0.3751 15.8083
3.0304 0.3763 15.8383
3.0374 0.3775 15.8683
3.0444 0.3787 15.8983
3.0514 0.3798 15.9283
3.0584 0.381 15.9583
3.0654 0.3821 15.9883
3.0724 0.3833 16.0183
3.0794 0.3844 16.0483
3.0864 0.3855 16.0783
3.0934 0.3866 16.1083
3.1004 0.3877 16.1383
3.1074 0.3888 16.1683
3.1144 0.3899 16.1983
3.1214 0.3909 16.2283
3.1284 0.392 16.2583
3.1354 0.3931 16.2883
3.1424 0.3941 16.3183
3.1494 0.3951 16.3483
3.1564 0.3961 16.3783
3.1634 0.3971 16.4083
3.1704 0.3981 16.4384
3.1774 0.3991 16.4684
3.1844 0.4001 16.4984
3.1914 0.4011 16.5284
3.1984 0.402 16.5584
3.2054 0.403 16.5884
3.2124 0.4039 16.6184
3.2195 0.4049 16.6484
3.2265 0.4058 16.6784
3.2335 0.4067 16.7084
3.2405 0.4076 16.7384
3.2475 0.4085 16.7684
3.2545 0.4094 16.7984
3.2615 0.4103 16.8284
3.2685 0.4111 16.8584
3.2755 0.412 16.8884
3.2825 0.4128 16.9184
3.2895 0.4136 16.9484
3.2965 0.4145 16.9784
3.3035 0.4153 16.985
3.3035 0.4153 16.985
3.3035 0.4153 16.985
3.3035 0.4153 16.985
3.3035 0.4153 16.985
3.3035 0.4153 16.985
3.3035 0.4153 16.985
3.3035 0.4153 16.985
3.3035 0.4153 16.985
3.3035 0.4153 16.985
3.3035 0.4153 16.985
3.3035 0.4153 16.985
3.3035 0.4153 16.985
3.3035 0.4153 16.985
3.3035 0.4153 16.985
3.3035 0.4153 16.985
3.3035 0.4153 16.985
3.3035 0.4153 16.985
3.3035 0.4153 16.985
3.3035 0.4153 16.985
3.3035 0.4153 16.985
3.3035 0.4153 16.985
3.3035 0.4153 16.985
3.3035 0.4153 16.985
3.3035 0.4153 16.985
3.3035 0.4153 16.985
3.3035 0.4153 16.985
3.3035 0.4153 16.985
3.3035 0.4153 16.985
3.3035 0.4153 16.985
3.3035 0.4153 16.985
3.3035 0.4153 16.985
3.3035 0.4153 16.985
3.3035 0.4153 16.985
3.3035 0.4153 16.985
3.3035 0.4153 16.985
3.3035 0.4153 16.985
3.3035 0.4153 16.985
3.3035 0.4153 16.985
3.3035 0.4153 16.985
3.3035 0.4153 16.985
3.3035 0.4153 16.985
3.3035 0.4153 16.985
3.3035 0.4153 16.985
3.3035 0.4153 16.985
3.3035 0.4153 16.985
3.3035 0.4153 16.985
3.3035 0.4153 16.985
3.3035 0.4153 16.985
3.3035 0.4153 16.985
3.3035 0.4153 16.985
3.3035 0.4153 16.985
3.3035 0.4153 16.985
3.3035 0.4153 16.985
3.3035 0.4153 16.985
3.3035 0.4153 16.985
3.3035 0.4153 16.985
3.3035 0.4153 16.985
3.3035 0.4153 16.985
3.3035 0.4153 16.985
3.3035 0.4153 16.985
3.3035 0.4153 16.985
3.3035 0.4153 16.985
3.3035 0.4153 16.985
3.3035 0.4153 16.985
3.3035 0.4153 16.985
3.3035 0.4153 16.985
3.3035 0.4153 16.985
3.3035 0.4153 16.985
3.3035 0.4153 16.985
3.3035 0.4153 16.985
3.3035 0.4153 16.985
3.3035 0.4153 16.985
3.3035 0.4153 16.985
3.3035 0.4153 16.985
3.3035 0.4153 16.985
3.3035 0.4153 16.985
3.3035 0.4153 16.985
3.3035 0.4153 16.985
3.3035 0.4153 16.985
3.3035 0.4153 16.985
3.3035 0.4153 16.985
3.3035 0.4153 16.985
3.3035 0.4153 16.985
3.3035 0.4153 16.985
3.3035 0.4153 16.985
3.3035 0.4153 16.985
3.3035 0.4153 16.985
3.3035 0.4153 16.985
3.3035 0.4153 16.985
3.3035 0.4153 16.985
3.3035 0.4153 16.985
3.3035 0.4153 16.985
3.3035 0.4153 16.985
3.3035 0.4153 16.985
3.3035 0.4153 16.985
3.3035 0.4153 16.985
3.3035 0.4153 16.985
3.3035 0.4153 16.985
3.3035 0.4153 16.985
3.3035 0.4153 16.985
3.3035 0.4153 16.985
3.3035 0.4153 16.985
3.3035 0.4153 16.985
3.3035 0.4153 16.985
3.3035 0.4153 16.985
3.3035 0.4153 16.985
3.3035 0.4153 16.985
3.3035 0.4153 16.985
3.3035 0.4153 16.985
3.3035 0.4153 16.985
3.3035 0.4153 16.985
3.3035 0.4153 16.985
3.3035 0.4153 16.985
3.3035 0.4153 16.985
3.3035 0.4153 16.985
3.3035 0.4153 16.985
3.3035 0.4153 16.985
3.3035 0.4153 16.985
3.3035 0.4153 16.985
3.3035 0.4153 16.985
3.3035 0.4153 16.985
3.3035 0.4153 16.985
3.3035 0.4153 16.985
3.3035 0.4153 16.985
3.3035 0.4153 16.985
3.3035 0.4153 16.985
3.3035 0.4153 16.985
3.3035 0.4153 16.985
3.3035 0.4153 16.985
3.3035 0.4153 16.985
3.3035 0.4153 16.985
3.3035 0.4153 16.985
3.3035 0.4153 16.985
3.3035 0.4153 16.985
3.3035 0.4153 16.985
3.3035 0.4153 16.985
3.3035 0.4153 16.985
3.3035 0.4153 16.985
3.3035 0.4153 16.985
3.3035 0.4153 16.985
3.3035 0.4153 16.985
3.3035 0.4153 16.985
3.3035 0.4153 16.985
3.3035 0.4153 16.985
3.3035 0.4153 16.985
3.3035 0.4153 16.985
3.3035 0.4153 16.985
3.3035 0.4153 16.985
3.3035 0.4153 16.985
3.3035 0.4153 16.985
3.3035 0.4153 16.985
3.3035 0.4153 16.985
3.3035 0.4153 16.985
3.3035 0.4153 16.985
3.3035 0.4153 16.985
3.3035 0.4153 16.985
3.3035 0.4153 16.985
3.3035 0.4153 16.985
3.3035 0.4153 16.985
3.3035 0.4153 16.985
3.3035 0.4153 16.985
3.3035 0.4153 16.985
3.3035 0.4153 16.985
3.3035 0.4153 16.985
3.3035 0.4153 16.985
3.3035 0.4153 16.985
3.3035 0.4153 16.985
3.3035 0.4153 16.985
3.3035 0.4153 16.985
3.3035 0.4153 16.985
3.3035 0.4153 16.985
3.3035 0.4153 16.985
3.3035 0.4153 16.985
3.3035 0.4153 16.985
3.3035 0.4153 16.985
3.3035 0.4153 16.985
3.3035 0.4153 16.985
3.3035 0.4153 16.985
3.3035 0.4153 16.985
3.3035 0.4153 16.985
3.3035 0.4153 16.985
3.3035 0.4153 16.985
3.3035 0.4153 16.985
3.3035 0.4153 16.985
3.3035 0.4153 16.985
3.3035 0.4153 16.985
3.3035 0.4153 16.985
3.3035 0.4153 16.985
3.3035 0.4153 16.985
3.3035 0.4153 16.985
3.3035 0.4153 16.985
3.3035 0.4153 16.985
3.3035 0.4153 16.985
3.3035 0.4153 16.985
3.3035 0.4153 16.985
3.3035 0.4153 16.985
3.3035 0.4153 16.985
3.3035 0.4153 16.985
3.3035 0.4153 16.985
3.3035 0.4153 16.985
3.3035 0.4153 16.985
3.3035 0.4153 16.985
3.3035 0.4153 16.985
3.3035 0.4153 16.985
3.3035 0.4153 16.985
3.3035 0.4153 16.985
3.3035 0.4153 16.985
3.3035 0.4153 16.985
3.3035 0.4153 16.985
3.3035 0.4153 16.985
3.3035 0.4153 16.985
3.3035 0.4153 16.985
3.3035 0.4153 16.985
3.3035 0.4153 16.985
3.3035 0.4153 16.985
3.3035 0.4153 16.985
3.3035 0.4153 16.985
3.3035 0.4153 16.985
3.3035 0.4153 16.985
3.3035 0.4153 16.985
3.3035 0.4153 16.985
3.3035 0.4153 16.985
3.3035 0.4153 16.985
3.3035 0.4153 16.985
3.3035 0.4153 16.985
3.3035 0.4153 16.985
3.3035 0.4153 16.985
3.3035 0.4153 16.985
3.3035 0.4153 16.985
3.3035 0.4153 16.985
3.3035 0.4153 16.985
3.3035 0.4153 16.985
3.3035 0.4153 16.985
3.3035 0.4153 16.985
3.3035 0.4153 16.985
3.3035 0.4153 16.985
3.3035 0.4153 16.985
3.3035 0.4153 16.985
3.3035 0.4153 16.985
3.3035 0.4153 16.985
3.3035 0.4153 16.985
3.3035 0.4153 16.985
3.3035 0.4153 16.985
3.3035 0.4153 16.985
3.3035 0.4153 16.985
3.3035 0.4153 16.985
3.3035 0.4153 16.985
3.3035 0.4153 16.985
3.3035 0.4153 16.985
3.3035 0.4153 16.985
3.3035 0.4153 16.985
3.3035 0.4153 16.985
3.3035 0.4153 16.985
3.3035 0.4153 16.985
3.3035 0.4153 16.985
3.3035 0.4153 16.985
3.3035 0.4153 16.985
3.3035 0.4153 16.985
3.3035 0.4153 16.985
3.3035 0.4153 16.985
3.3035 0.4153 16.985
3.3035 0.4153 16.985
3.3035 0.4153 16.985
3.3035 0.4153 16.985
3.3035 0.4153 16.985
3.3035 0.4153 16.985
3.3035 0.4153 16.985
3.3035 0.4153 16.985
3.3035 0.4153 16.985
3.3035 0.4153 16.985
3.3035 0.4153 16.985
3.3035 0.4153 16.985
3.3035 0.4153 16.985
3.3035 0.4153 16.985
3.3035 0.4153 16.985
3.3035 0.4153 16.985
3.3035 0.4153 16.985
3.3035 0.4153 16.985
3.3035 0.4153 16.985
3.3035 0.4153 16.985
3.3035 0.4153 16.985
3.3035 0.4153 16.985
3.3035 0.4153 16.985
3.3035 0.4153 16.985
3.3035 0.4153 16.985
3.3035 0.4153 16.985
3.3035 0.4153 16.985
3.3035 0.4153 16.985
3.3035 0.4153 16.985
3.3035 0.4153 16.985
3.3035 0.4153 16.985
3.3035 0.4153 16.985
3.3035 0.4153 16.985
3.3035 0.4153 16.985
3.3035 0.4153 16.985
3.3035 0.4153 16.985
3.3035 0.4153 16.985
3.3035 0.4153 16.985
3.3035 0.4153 16.985
3.3035 0.4153 16.985
3.3035 0.4153 16.985
3.3035 0.4153 16.985
3.3035 0.4153 16.985
3.3035 0.4153 16.985
3.3035 0.4153 16.985
3.3035 0.4153 16.985
3.3035 0.4153 16.985
3.3035 0.4153 16.985
3.3035 0.4153 16.985
3.3035 0.4153 16.985
3.3035 0.4153 16.985
3.3035 0.4153 16.985
3.3035 0.4153 16.985
3.3035 0.4153 16.985
3.3035 0.4153 16.985
3.3035 0.4153 16.985
3.3035 0.4153 16.985
3.3035 0.4153 16.985
3.3035 0.4153 16.985
3.3035 0.4153 16.985
3.3035 0.4153 16.985
3.3035 0.4153 16.985
3.3035 0.4153 16.985
3.3035 0.4153 16.985
3.3035 0.4153 16.985
3.3035 0.4153 16.985
3.3035 0.4153 16.985
3.3035 0.4153 16.985
3.3035 0.4153 16.985
3.3035 0.4153 16.985
3.3035 0.4153 16.985
3.3035 0.4153 16.985
3.3035 0.4153 16.985
3.3035 0.4153 16.985
3.3035 0.4153 16.985
3.3035 0.4153 16.985
3.3035 0.4153 16.985
3.3035 0.4153 16.985
3.3035 0.4153 16.985
3.3035 0.4153 16.985
3.3035 0.4153 16.985
3.3035 0.4153 16.985
3.3035 0.4153 16.985
3.3035 0.4153 16.985
3.3035 0.4153 16.985
3.3035 0.4153 16.985
3.3035 0.4153 16.985
3.3035 0.4153 16.985
3.3035 0.4153 16.985
3.3035 0.4153 16.985
3.3035 0.4153 16.985
3.3035 0.4153 16.985
3.3035 0.4153 16.985
3.3035 0.4153 16.985
3.3035 0.4153 16.985
3.3035 0.4153 16.985
3.3035 0.4153 16.985
3.3035 0.4153 16.985
3.3035 0.4153 16.985
3.3035 0.4153 16.985
3.3035 0.4153 16.985
3.3035 0.4153 16.985
3.3035 0.4153 16.985
3.3035 0.4153 16.985
3.3035 0.4153 16.985
3.3035 0.4153 16.985
3.3035 0.4153 16.985
3.3035 0.4153 16.985
3.3035 0.4153 16.985
3.3035 0.4153 16.985
3.3035 0.4153 16.985
3.3035 0.4153 16.985
3.3035 0.4153 16.985
3.3035 0.4153 16.985
3.3035 0.4153 16.985
3.3035 0.4153 16.985
3.3035 0.4153 16.985
3.3035 0.4153 16.985
3.3035 0.4153 16.985
3.3035 0.4153 16.985
3.3035 0.4153 16.985
3.3035 0.4153 16.985
3.3035 0.4153 16.985
3.3035 0.4153 16.985
3.3035 0.4153 16.985
