-6.115 1 -13.785
-6.101 1.002 -13.75
-6.087 1.004 -13.715
-6.073 1.006 -13.68
-6.059 1.0079 -13.645
-6.045 1.0099 -13.61
-6.031 1.0118 -13.575
-6.017 1.0138 -13.54
-6.003 1.0157 -13.505
-5.989 1.0176 -13.47
-5.975 1.0195 -13.435
-5.961 1.0214 -13.4
-5.947 1.0233 -13.365
-5.933 1.0252 -13.33
-5.919 1.027 -13.295
-5.905 1.0289 -13.26
-5.891 1.0307 -13.225
-5.877 1.0326 -13.19
-5.863 1.0344 -13.155
-5.849 1.0362 -13.12
-5.835 1.038 -13.085
-5.821 1.0398 -13.05
-5.807 1.0416 -13.015
-5.793 1.0434 -12.98
-5.779 1.0452 -12.945
-5.765 1.0469 -12.91
-5.751 1.0487 -12.875
-5.737 1.0504 -12.84
-5.723 1.0522 -12.805
-5.709 1.0539 -12.77
-5.695 1.0556 -12.735
-5.681 1.0573 -12.7
-5.667 1.059 -12.665
-5.653 1.0607 -12.63
-5.639 1.0623 -12.595
-5.625 1.064 -12.56
-5.611 1.0656 -12.525
-5.597 1.0673 -12.49
-5.583 1.0689 -12.455
-5.569 1.0705 -12.42
-5.555 1.0722 -12.385
-5.541 1.0738 -12.35
-5.527 1.0753 -12.315
-5.513 1.0769 -12.2799
-5.499 1.0785 -12.2449
-5.485 1.0801 -12.2099
-5.471 1.0816 -12.1749
-5.457 1.0832 -12.1399
-5.443 1.0847 -12.1049
-5.429 1.0862 -12.0699
-5.415 1.0877 -12.0349
-5.401 1.0892 -11.9999
-5.387 1.0907 -11.9649
-5.373 1.0922 -11.9299
-5.359 1.0937 -11.8949
-5.345 1.0952 -11.8599
-5.331 1.0966 -11.8249
-5.317 1.0981 -11.7899
-5.303 1.0995 -11.7549
-5.289 1.1009 -11.7199
-5.275 1.1023 -11.6849
-5.261 1.1038 -11.6499
-5.247 1.1051 -11.6149
-5.233 1.1065 -11.5799
-5.219 1.1079 -11.5449
-5.205 1.1093 -11.5099
-5.191 1.1106 -11.4749
-5.177 1.112 -11.4399
-5.163 1.1133 -11.4049
-5.149 1.1147 -11.3699
-5.135 1.116 -11.3349
-5.121 1.1173 -11.2999
-5.107 1.1186 -11.2649
-5.093 1.1199 -11.2299
-5.079 1.1211 -11.1949
-5.065 1.1224 -11.1599
-5.051 1.1237 -11.1249
-5.037 1.1249 -11.0899
-5.023 1.1262 -11.0549
-5.009 1.1274 -11.0199
-4.995 1.1286 -10.9849
-4.981 1.1298 -10.9499
-4.967 1.131 -10.9149
-4.953 1.1322 -10.8799
-4.939 1.1334 -10.8449
-4.925 1.1346 -10.8099
-4.911 1.1357 -10.7749
-4.897 1.1369 -10.7399
-4.883 1.138 -10.7049
-4.869 1.1392 -10.6699
-4.855 1.1403 -10.6349
-4.841 1.1414 -10.5999
-4.827 1.1425 -10.5649
-4.813 1.1436 -10.5299
-4.799 1.1447 -10.4949
-4.785 1.1457 -10.4599
-4.771 1.1468 -10.4249
-4.757 1.1479 -10.3899
-4.743 1.1489 -10.3549
-4.729 1.1499 -10.3199
-4.715 1.151 -10.2849
-4.701 1.152 -10.2499
-4.687 1.153 -10.2149
-4.673 1.154 -10.1799
-4.659 1.155 -10.1449
-4.645 1.1559 -10.1099
-4.631 1.1569 -10.0749
-4.617 1.1578 -10.0399
-4.6029 1.1588 -10.0049
-4.5889 1.1597 -9.9699
-4.5749 1.1607 -9.9349
-4.5609 1.1616 -9.8999
-4.5469 1.1625 -9.8649
-4.5329 1.1634 -9.8299
-4.5189 1.1643 -9.7949
-4.5049 1.1651 -9.7599
-4.4909 1.166 -9.7249
-4.4769 1.1669 -9.6899
-4.4629 1.1677 -9.6549
-4.4489 1.1685 -9.6199
-4.4349 1.1694 -9.5849
-4.4209 1.1702 -9.5499
-4.4069 1.171 -9.5149
-4.3929 1.1718 -9.4799
-4.3789 1.1726 -9.4449
-4.3649 1.1734 -9.4099
-4.3509 1.1741 -9.3749
-4.3369 1.1749 -9.3399
-4.3229 1.1756 -9.3049
-4.3089 1.1764 -9.2698
-4.2949 1.1771 -9.2348
-4.2809 1.1778 -9.1998
-4.2669 1.1785 -9.1648
-4.2529 1.1792 -9.1298
-4.2389 1.1799 -9.0948
-4.2249 1.1806 -9.0598
-4.2109 1.1813 -9.0248
-4.1969 1.1819 -8.9898
-4.1829 1.1826 -8.9548
-4.1689 1.1832 -8.9198
-4.1549 1.1839 -8.8848
-4.1409 1.1845 -8.8498
-4.1269 1.1851 -8.8148
-4.1129 1.1857 -8.7798
-4.0989 1.1863 -8.7448
-4.0849 1.1869 -8.7098
-4.0709 1.1874 -8.6748
-4.0569 1.188 -8.6398
-4.0429 1.1886 -8.6048
-4.0289 1.1891 -8.5698
-4.0149 1.1896 -8.5348
-4.0009 1.1902 -8.4998
-3.9869 1.1907 -8.4648
-3.9729 1.1912 -8.4298
-3.9589 1.1917 -8.3948
-3.9449 1.1922 -8.3598
-3.9309 1.1926 -8.3248
-3.9169 1.1931 -8.2898
-3.9029 1.1936 -8.2548
-3.8889 1.194 -8.2198
-3.8749 1.1944 -8.1848
-3.8609 1.1949 -8.1498
-3.8469 1.1953 -8.1148
-3.8329 1.1957 -8.0798
-3.8189 1.1961 -8.0448
-3.8049 1.1965 -8.0098
-3.7909 1.1968 -7.9748
-3.7769 1.1972 -7.9398
-3.7629 1.1976 -7.9048
-3.7489 1.1979 -7.8698
-3.7349 1.1982 -7.8348
-3.7209 1.1986 -7.7998
-3.7069 1.1989 -7.7648
-3.6929 1.1992 -7.7298
-3.6789 1.1995 -7.6948
-3.6649 1.1998 -7.6598
-3.6509 1.2001 -7.6248
-3.6369 1.2003 -7.5898
-3.6229 1.2006 -7.5548
-3.6089 1.2008 -7.5198
-3.5949 1.2011 -7.4848
-3.5809 1.2013 -7.4498
-3.5669 1.2015 -7.4148
-3.5529 1.2017 -7.3798
-3.5389 1.2019 -7.3448
-3.5249 1.2021 -7.3098
-3.5109 1.2023 -7.2748
-3.4969 1.2025 -7.2398
-3.4829 1.2026 -7.2048
-3.4689 1.2028 -7.1698
-3.4549 1.2029 -7.1348
-3.4409 1.2031 -7.0998
-3.4269 1.2032 -7.0648
-3.4129 1.2033 -7.0298
-3.3989 1.2034 -6.9948
-3.3849 1.2035 -6.9598
-3.3709 1.2036 -6.9248
-3.3569 1.2036 -6.8898
-3.3429 1.2037 -6.8548
-3.3289 1.2038 -6.8198
-3.3149 1.2038 -6.7848
-3.3009 1.2038 -6.7498
-3.2869 1.2039 -6.7148
-3.2729 1.2039 -6.6798
-3.2589 1.2039 -6.6448
-3.2449 1.2039 -6.6098
-3.2309 1.2039 -6.5748
-3.2169 1.2038 -6.5398
-3.2029 1.2038 -6.5048
-3.1889 1.2037 -6.4698
-3.1749 1.2037 -6.4348
-3.1609 1.2036 -6.3998
-3.1469 1.2035 -6.3648
-3.1329 1.2035 -6.3298
-3.1189 1.2034 -6.2948
-3.1049 1.2033 -6.2597
-3.0909 1.2032 -6.2247
-3.0769 1.203 -6.1897
-3.0629 1.2029 -6.1547
-3.0489 1.2028 -6.1197
-3.0349 1.2026 -6.0847
-3.0209 1.2024 -6.0497
-3.0069 1.2023 -6.0147
-2.9929 1.2021 -5.9797
-2.9789 1.2019 -5.9447
-2.9649 1.2017 -5.9097
-2.9509 1.2015 -5.8747
-2.9369 1.2012 -5.8397
-2.9229 1.201 -5.8047
-2.9089 1.2008 -5.7697
-2.8949 1.2005 -5.7347
-2.8809 1.2003 -5.6997
-2.8669 1.2 -5.6647
-2.8529 1.1997 -5.6297
-2.8389 1.1994 -5.5947
-2.8249 1.1991 -5.5597
-2.8109 1.1988 -5.5247
-2.7969 1.1985 -5.4897
-2.7829 1.1982 -5.4547
-2.7689 1.1978 -5.4197
-2.7549 1.1975 -5.3847
-2.7409 1.1971 -5.3497
-2.7269 1.1967 -5.3147
-2.7129 1.1964 -5.2797
-2.6989 1.196 -5.2447
-2.6849 1.1956 -5.2097
-2.6709 1.1952 -5.1747
-2.6569 1.1947 -5.1397
-2.6429 1.1943 -5.1047
-2.6289 1.1939 -5.0697
-2.6149 1.1934 -5.0347
-2.6009 1.193 -4.9997
-2.5869 1.1925 -4.9647
-2.5729 1.192 -4.9297
-2.5589 1.1915 -4.8947
-2.5449 1.191 -4.8597
-2.5309 1.1905 -4.8247
-2.5169 1.19 -4.7897
-2.5029 1.1895 -4.7547
-2.4889 1.189 -4.7197
-2.4749 1.1884 -4.6847
-2.4609 1.1879 -4.6497
-2.4469 1.1873 -4.6147
-2.4329 1.1867 -4.5797
-2.4189 1.1861 -4.5447
-2.4049 1.1855 -4.5097
-2.3909 1.1849 -4.4747
-2.3769 1.1843 -4.4397
-2.3629 1.1837 -4.4047
-2.3489 1.1831 -4.3697
-2.3349 1.1824 -4.3347
-2.3209 1.1818 -4.2997
-2.3069 1.1811 -4.2647
-2.2929 1.1804 -4.2297
-2.2789 1.1797 -4.1947
-2.2649 1.1791 -4.1597
-2.2509 1.1784 -4.1247
-2.2369 1.1776 -4.0897
-2.2229 1.1769 -4.0547
-2.2089 1.1762 -4.0197
-2.1949 1.1754 -3.9847
-2.1809 1.1747 -3.9497
-2.1669 1.1739 -3.9147
-2.1529 1.1732 -3.8797
-2.1389 1.1724 -3.8447
-2.1249 1.1716 -3.8097
-2.1109 1.1708 -3.7747
-2.0969 1.17 -3.7397
-2.0829 1.1692 -3.7047
-2.0689 1.1683 -3.6697
-2.0549 1.1675 -3.6347
-2.0409 1.1666 -3.5997
-2.0269 1.1658 -3.5647
-2.0129 1.1649 -3.5297
-1.9989 1.164 -3.4947
-1.9849 1.1631 -3.4597
-1.9709 1.1622 -3.4247
-1.9569 1.1613 -3.3897
-1.9429 1.1604 -3.3547
-1.9289 1.1595 -3.3197
-1.9149 1.1585 -3.2846
-1.9009 1.1576 -3.2496
-1.8869 1.1566 -3.2146
-1.8729 1.1557 -3.1796
-1.8589 1.1547 -3.1446
-1.8449 1.1537 -3.1096
-1.8309 1.1527 -3.0746
-1.8169 1.1517 -3.0396
-1.8029 1.1507 -3.0046
-1.7889 1.1497 -2.9696
-1.7749 1.1486 -2.9346
-1.7609 1.1476 -2.8996
-1.7469 1.1465 -2.8646
-1.7329 1.1455 -2.8296
-1.7189 1.1444 -2.7946
-1.7049 1.1433 -2.7596
-1.6909 1.1422 -2.7246
-1.6769 1.1411 -2.6896
-1.6629 1.14 -2.6546
-1.6489 1.1389 -2.6196
-1.6349 1.1377 -2.5846
-1.6209 1.1366 -2.5496
-1.6068 1.1354 -2.5146
-1.5928 1.1343 -2.4796
-1.5788 1.1331 -2.4446
-1.5648 1.1319 -2.4096
-1.5508 1.1307 -2.3746
-1.5368 1.1295 -2.3396
-1.5228 1.1283 -2.3046
-1.5088 1.1271 -2.2696
-1.4948 1.1258 -2.2346
-1.4808 1.1246 -2.1996
-1.4668 1.1233 -2.1646
-1.4528 1.1221 -2.1296
-1.4388 1.1208 -2.0946
-1.4248 1.1195 -2.0596
-1.4108 1.1182 -2.0246
-1.3968 1.1169 -1.9896
-1.3828 1.1156 -1.9546
-1.3688 1.1143 -1.9196
-1.3548 1.113 -1.8846
-1.3408 1.1116 -1.8496
-1.3268 1.1103 -1.8146
-1.3128 1.1089 -1.7796
-1.2988 1.1075 -1.7446
-1.2848 1.1062 -1.7096
-1.2708 1.1048 -1.6746
-1.2568 1.1034 -1.6396
-1.2428 1.102 -1.6046
-1.2288 1.1005 -1.5696
-1.2148 1.0991 -1.5346
-1.2008 1.0977 -1.4996
-1.1868 1.0962 -1.4646
-1.1728 1.0948 -1.4296
-1.1588 1.0933 -1.3946
-1.1448 1.0918 -1.3596
-1.1308 1.0903 -1.3246
-1.1168 1.0888 -1.2896
-1.1028 1.0873 -1.2546
-1.0888 1.0858 -1.2196
-1.0748 1.0843 -1.1846
-1.0608 1.0828 -1.1496
-1.0468 1.0812 -1.1146
-1.0328 1.0797 -1.0796
-1.0188 1.0781 -1.0446
-1.0048 1.0765 -1.0096
-0.9908 1.0749 -0.9746
-0.9768 1.0733 -0.9396
-0.9628 1.0717 -0.9046
-0.9488 1.0701 -0.8696
-0.9348 1.0685 -0.8346
-0.9208 1.0669 -0.7996
-0.9068 1.0652 -0.7646
-0.8928 1.0636 -0.7296
-0.8788 1.0619 -0.6946
-0.8648 1.0602 -0.6596
-0.8508 1.0585 -0.6246
-0.8368 1.0568 -0.5896
-0.8228 1.0551 -0.5546
-0.8088 1.0534 -0.5196
-0.7948 1.0517 -0.4846
-0.7808 1.05 -0.4496
-0.7668 1.0482 -0.4146
-0.7528 1.0465 -0.3796
-0.7388 1.0447 -0.3446
-0.7248 1.0429 -0.3096
-0.7108 1.0412 -0.2745
-0.6968 1.0394 -0.2395
-0.6828 1.0376 -0.2045
-0.6688 1.0357 -0.1695
-0.6548 1.0339 -0.1345
-0.6408 1.0321 -0.0995
-0.6268 1.0303 -0.0645
-0.6128 1.0284 -0.0295
-0.5988 1.0265 0.0055
-0.5848 1.0247 0.0405
-0.5708 1.0228 0.0755
-0.5568 1.0209 0.1105
-0.5428 1.019 0.1455
-0.5288 1.0171 0.1805
-0.5148 1.0152 0.2155
-0.5008 1.0132 0.2505
-0.4868 1.0113 0.2855
-0.4728 1.0094 0.3205
-0.4588 1.0074 0.3555
-0.4448 1.0054 0.3905
-0.4308 1.0035 0.4255
-0.4168 1.0015 0.4605
-0.4028 0.9995 0.4955
-0.3888 0.9975 0.5305
-0.3748 0.9954 0.5655
-0.3608 0.9934 0.6005
-0.3468 0.9914 0.6355
-0.3328 0.9893 0.6705
-0.3188 0.9873 0.7055
-0.3048 0.9852 0.7405
-0.2908 0.9831 0.7755
-0.2768 0.981 0.8105
-0.2628 0.9789 0.8455
-0.2488 0.9768 0.8805
-0.2348 0.9747 0.9155
-0.2208 0.9726 0.9505
-0.2068 0.9705 0.9855
-0.1928 0.9683 1.0205
-0.1788 0.9662 1.0555
-0.1648 0.964 1.0905
-0.1508 0.9618 1.1255
-0.1368 0.9596 1.1605
-0.1228 0.9575 1.1955
-0.1088 0.9552 1.2305
-0.0948 0.953 1.2655
-0.0808 0.9508 1.3005
-0.0668 0.9486 1.3355
-0.0528 0.9463 1.3705
-0.0388 0.9441 1.4055
-0.0248 0.9418 1.4405
-0.0108 0.9395 1.4755
0.0032 0.9373 1.5105
0.0172 0.935 1.5455
0.0312 0.9327 1.5805
0.0452 0.9304 1.6155
0.0592 0.928 1.6505
0.0732 0.9257 1.6855
0.0872 0.9234 1.7205
0.1012 0.921 1.7555
0.1152 0.9187 1.7905
0.1292 0.9163 1.8255
0.1432 0.9139 1.8605
0.1572 0.9115 1.8955
0.1712 0.9091 1.9305
0.1852 0.9067 1.9655
0.1992 0.9043 2.0005
0.2132 0.9019 2.0355
0.2272 0.8994 2.0705
0.2412 0.897 2.1055
0.2552 0.8945 2.1405
0.2692 0.892 2.1755
0.2832 0.8896 2.2105
0.2972 0.8871 2.2455
0.3112 0.8846 2.2805
0.3252 0.8821 2.3155
0.3392 0.8795 2.3505
0.3532 0.877 2.3855
0.3672 0.8745 2.4205
0.3812 0.8719 2.4555
0.3952 0.8694 2.4905
0.4092 0.8668 2.5255
0.4232 0.8642 2.5605
0.4372 0.8616 2.5955
0.4512 0.8591 2.6305
0.4652 0.8564 2.6655
0.4792 0.8538 2.7005
0.4932 0.8512 2.7356
0.5072 0.8486 2.7706
0.5212 0.8459 2.8056
0.5352 0.8433 2.8406
0.5492 0.8406 2.8756
0.5632 0.8379 2.9106
0.5772 0.8352 2.9456
0.5912 0.8325 2.9806
0.6052 0.8298 3.0156
0.6192 0.8271 3.0506
0.6332 0.8244 3.0856
0.6472 0.8217 3.1206
0.6612 0.8189 3.1556
0.6752 0.8162 3.1906
0.6892 0.8134 3.2256
0.7032 0.8106 3.2606
0.7172 0.8079 3.2956
0.7312 0.8051 3.3306
0.7452 0.8023 3.3656
0.7592 0.7995 3.4006
0.7732 0.7966 3.4356
0.7872 0.7938 3.4706
0.8012 0.791 3.5056
0.8152 0.7881 3.5406
0.8292 0.7852 3.5756
0.8432 0.7824 3.6106
0.8572 0.7795 3.6456
0.8712 0.7766 3.6806
0.8852 0.7737 3.7156
0.8992 0.7708 3.7506
0.9132 0.7679 3.7856
0.9272 0.7649 3.8206
0.9412 0.762 3.8556
0.9552 0.7591 3.8906
0.9692 0.7561 3.9256
0.9832 0.7531 3.9606
0.9972 0.7501 3.9956
1.0112 0.7472 4.0306
1.0252 0.7442 4.0656
1.0392 0.7412 4.1006
1.0532 0.7381 4.1356
1.0672 0.7351 4.1706
1.0812 0.7321 4.2056
1.0952 0.729 4.2406
1.1092 0.726 4.2756
1.1232 0.7229 4.3106
1.1372 0.7198 4.3456
1.1512 0.7167 4.3806
1.1652 0.7136 4.4156
1.1792 0.7105 4.4506
1.1932 0.7074 4.4856
1.2072 0.7043 4.5206
1.2212 0.7011 4.5556
1.2352 0.698 4.5906
1.2492 0.6948 4.6256
1.2632 0.6917 4.6606
1.2772 0.6885 4.6956
1.2912 0.6853 4.7306
1.3052 0.6821 4.7656
1.3192 0.6789 4.8006
1.3332 0.6757 4.8356
1.3472 0.6725 4.8706
1.3612 0.6693 4.9056
1.3752 0.666 4.9406
1.3893 0.6628 4.9756
1.4033 0.6595 5.0106
1.4173 0.6562 5.0456
1.4313 0.6529 5.0806
1.4453 0.6496 5.1156
1.4593 0.6463 5.1506
1.4733 0.643 5.1856
1.4873 0.6397 5.2206
1.5013 0.6364 5.2556
1.5153 0.633 5.2906
1.5293 0.6297 5.3256
1.5433 0.6263 5.3606
1.5573 0.6229 5.3956
1.5713 0.6196 5.4306
1.5853 0.6162 5.4656
1.5993 0.6128 5.5006
1.6133 0.6094 5.5356
1.6273 0.6059 5.5706
1.6413 0.6025 5.6056
1.6553 0.5991 5.6406
1.6693 0.5956 5.6756
1.6833 0.5922 5.7106
1.6973 0.5887 5.7457
1.7113 0.5852 5.7807
1.7253 0.5817 5.8157
1.7393 0.5782 5.8507
1.7533 0.5747 5.8857
1.7673 0.5712 5.9207
1.7813 0.5677 5.9557
1.7953 0.5641 5.9907
1.8093 0.5606 6.0257
1.8233 0.557 6.0607
1.8373 0.5535 6.0957
1.8513 0.5499 6.1307
1.8653 0.5463 6.1657
1.8793 0.5427 6.2007
1.8933 0.5391 6.2357
1.9073 0.5355 6.2707
1.9213 0.5319 6.3057
1.9353 0.5282 6.3407
1.9493 0.5246 6.3757
1.9633 0.5209 6.4107
1.9773 0.5172 6.4457
1.9913 0.5136 6.4807
2.0053 0.5099 6.5157
2.0193 0.5062 6.5507
2.0333 0.5025 6.5857
2.0473 0.4988 6.6207
2.0613 0.495 6.6557
2.0753 0.4913 6.6907
2.0893 0.4876 6.7257
2.1033 0.4838 6.7607
2.1173 0.4801 6.7957
2.1313 0.4763 6.8307
2.1453 0.4725 6.8657
2.1593 0.4687 6.9007
2.1733 0.4649 6.9357
2.1873 0.4611 6.9707
2.2013 0.4573 7.0057
2.2153 0.4534 7.0407
2.2293 0.4496 7.0757
2.2433 0.4457 7.1107
2.2573 0.4419 7.1457
2.2713 0.438 7.1807
2.2853 0.4341 7.2157
2.2993 0.4302 7.2507
2.3133 0.4263 7.2857
2.3273 0.4224 7.3207
2.3413 0.4185 7.3557
2.3553 0.4146 7.3907
2.3693 0.4106 7.4257
2.3833 0.4067 7.4607
2.3973 0.4027 7.4957
2.4113 0.3987 7.5307
2.4253 0.3948 7.5657
2.4393 0.3908 7.6007
2.4533 0.3868 7.6357
2.4673 0.3828 7.6707
2.4813 0.3788 7.7057
2.4953 0.3747 7.7407
2.5093 0.3707 7.7757
2.5233 0.3666 7.8107
2.5373 0.3626 7.8457
2.5513 0.3585 7.8807
2.5653 0.3544 7.9157
2.5793 0.3503 7.9507
2.5933 0.3462 7.9857
2.6073 0.3421 8.0207
2.6213 0.338 8.0557
2.6353 0.3339 8.0907
2.6493 0.3298 8.1257
2.6633 0.3256 8.1607
2.6773 0.3215 8.1957
2.6913 0.3173 8.2307
2.7053 0.3131 8.2657
2.7193 0.3089 8.3007
2.7333 0.3047 8.3357
2.7473 0.3005 8.3707
2.7613 0.2963 8.4057
2.7753 0.2921 8.4407
2.7893 0.2879 8.4757
2.8033 0.2836 8.5107
2.8173 0.2794 8.5457
2.8313 0.2751 8.5807
2.8453 0.2708 8.6157
2.8593 0.2665 8.6507
2.8733 0.2622 8.6857
2.8873 0.2579 8.7208
2.9013 0.2536 8.7558
2.9153 0.2493 8.7908
2.9293 0.245 8.8258
2.9433 0.2406 8.8608
2.9573 0.2363 8.8958
2.9713 0.2319 8.9308
2.9853 0.2275 8.9658
2.9993 0.2232 9.0008
3.0133 0.2188 9.0358
3.0273 0.2144 9.0708
3.0413 0.21 9.1058
3.0553 0.2055 9.1408
3.0693 0.2011 9.1758
3.0833 0.1967 9.2108
3.0973 0.1922 9.2458
3.1113 0.1878 9.2808
3.1253 0.1833 9.3158
3.1393 0.1788 9.3508
3.1533 0.1743 9.3858
3.1673 0.1698 9.4208
3.1813 0.1653 9.4558
3.1953 0.1608 9.4908
3.2093 0.1563 9.5258
3.2233 0.1517 9.5608
3.2373 0.1472 9.5958
3.2513 0.1426 9.6308
3.2653 0.138 9.6658
3.2793 0.1335 9.7008
3.2933 0.1289 9.7358
3.3073 0.1243 9.7708
3.3213 0.1197 9.8058
3.3353 0.1151 9.8408
3.3493 0.1104 9.8758
3.3633 0.1058 9.9108
3.3773 0.1011 9.9458
3.3913 0.0965 9.9808
3.4053 0.0918 10.0158
3.4193 0.0871 10.0508
3.4333 0.0825 10.0858
3.4473 0.0778 10.1208
3.4613 0.0731 10.1558
3.4753 0.0683 10.1908
3.4893 0.0636 10.2258
3.5033 0.0589 10.2608
3.5173 0.0541 10.2958
3.5313 0.0494 10.3308
3.5453 0.0446 10.3658
3.5593 0.0398 10.4008
3.5733 0.0351 10.4358
3.5873 0.0303 10.4708
3.6013 0.0255 10.5058
3.6153 0.0207 10.5408
3.6293 0.0158 10.5758
3.6433 0.011 10.6108
3.6573 0.0062 10.6458
3.6713 0.0013 10.6808
3.6751 -0 10.6902
3.6751 0 10.6902
3.6891 0.0034 10.7252
3.7031 0.0068 10.7602
3.7171 0.0102 10.7952
3.7311 0.0135 10.8302
3.7451 0.0169 10.8652
3.7591 0.0202 10.9002
3.7731 0.0236 10.9352
3.7871 0.0269 10.9702
3.8011 0.0302 11.0052
3.8151 0.0335 11.0402
3.8291 0.0368 11.0752
3.8431 0.0401 11.1102
3.8571 0.0434 11.1452
3.8711 0.0467 11.1802
3.8851 0.0499 11.2152
3.8991 0.0532 11.2502
3.9131 0.0564 11.2852
3.9271 0.0596 11.3202
3.9411 0.0629 11.3552
3.9551 0.0661 11.3902
3.9691 0.0693 11.4252
3.9831 0.0725 11.4602
3.9971 0.0757 11.4952
4.0111 0.0788 11.5302
4.0251 0.082 11.5652
4.0391 0.0851 11.6002
4.0531 0.0883 11.6352
4.0671 0.0914 11.6702
4.0811 0.0945 11.7052
4.0951 0.0976 11.7402
4.1091 0.1008 11.7752
4.1231 0.1038 11.8102
4.1371 0.1069 11.8452
4.1511 0.11 11.8802
4.1651 0.1131 11.9152
4.1791 0.1161 11.9502
4.1931 0.1192 11.9852
4.2071 0.1222 12.0202
4.2211 0.1252 12.0552
4.2351 0.1282 12.0902
4.2491 0.1312 12.1252
4.2631 0.1342 12.1602
4.2771 0.1372 12.1952
4.2911 0.1402 12.2302
4.3051 0.1432 12.2652
4.3191 0.1461 12.3002
4.3331 0.1491 12.3352
4.3471 0.152 12.3702
4.3611 0.1549 12.4052
4.3751 0.1578 12.4402
4.3891 0.1608 12.4752
4.4031 0.1636 12.5102
4.4171 0.1665 12.5452
4.4311 0.1694 12.5802
4.4451 0.1723 12.6152
4.4591 0.1751 12.6502
4.4731 0.178 12.6852
4.4871 0.1808 12.7202
4.5011 0.1837 12.7552
4.5151 0.1865 12.7902
4.5291 0.1893 12.8252
4.5431 0.1921 12.8602
4.5571 0.1949 12.8952
4.5711 0.1976 12.9302
4.5851 0.2004 12.9652
4.5991 0.2032 13.0002
4.6131 0.2059 13.0353
4.6271 0.2087 13.0703
4.6411 0.2114 13.1053
4.6551 0.2141 13.1403
4.6691 0.2168 13.1753
4.6831 0.2195 13.2103
4.6971 0.2222 13.2453
4.7111 0.2249 13.2803
4.7251 0.2276 13.3153
4.7391 0.2302 13.3503
4.7531 0.2329 13.3853
4.7671 0.2355 13.4203
4.7811 0.2382 13.4553
4.7951 0.2408 13.4903
4.8091 0.2434 13.5253
4.8231 0.246 13.5603
4.8371 0.2486 13.5953
4.8511 0.2512 13.6303
4.8651 0.2537 13.6653
4.8791 0.2563 13.7003
4.8931 0.2589 13.7353
4.9071 0.2614 13.7703
4.9211 0.2639 13.8053
4.9351 0.2665 13.8403
4.9491 0.269 13.8753
4.9631 0.2715 13.9103
4.9771 0.274 13.9453
4.9911 0.2765 13.9803
5.0051 0.2789 14.0153
5.0191 0.2814 14.0503
5.0331 0.2839 14.0853
5.0471 0.2863 14.1203
5.0611 0.2887 14.1553
5.0751 0.2912 14.1903
5.0891 0.2936 14.2253
5.1031 0.296 14.2603
5.1171 0.2984 14.2953
5.1311 0.3008 14.3303
5.1451 0.3031 14.3653
5.1591 0.3055 14.4003
5.1731 0.3079 14.4353
5.1871 0.3102 14.4703
5.2011 0.3126 14.5053
5.2151 0.3149 14.5403
5.2291 0.3172 14.5753
5.2431 0.3195 14.6103
5.2571 0.3218 14.6453
5.2711 0.3241 14.6803
5.2851 0.3264 14.7153
5.2991 0.3286 14.7503
5.3131 0.3309 14.7853
5.3271 0.3332 14.8203
5.3411 0.3354 14.8553
5.3551 0.3376 14.8903
5.3691 0.3398 14.9253
5.3831 0.3421 14.9603
5.3971 0.3443 14.9953
5.4111 0.3464 15.0303
5.4251 0.3486 15.0653
5.4391 0.3508 15.1003
5.4531 0.353 15.1353
5.4671 0.3551 15.1703
5.4811 0.3572 15.2053
5.4951 0.3594 15.2403
5.5091 0.3615 15.2753
5.5231 0.3636 15.3103
5.5371 0.3657 15.3453
5.5511 0.3678 15.3803
5.5651 0.3699 15.4153
5.5791 0.372 15.4503
5.5931 0.374 15.4853
5.6071 0.3761 15.5203
5.6211 0.3781 15.5553
5.6351 0.3802 15.5903
5.6491 0.3822 15.6253
5.6631 0.3842 15.6603
5.6771 0.3862 15.6953
5.6911 0.3882 15.7303
5.7051 0.3902 15.7653
5.7191 0.3922 15.8003
5.7331 0.3941 15.8353
5.7471 0.3961 15.8703
5.7611 0.398 15.9053
5.7751 0.4 15.9403
5.7891 0.4019 15.9753
5.8031 0.4038 16.0103
5.8171 0.4057 16.0454
5.8311 0.4076 16.0804
5.8451 0.4095 16.1154
5.8591 0.4114 16.1504
5.8731 0.4132 16.1854
5.8871 0.4151 16.2204
5.9011 0.4169 16.2554
5.9151 0.4188 16.2904
5.9291 0.4206 16.3254
5.9431 0.4224 16.3604
5.9571 0.4242 16.3954
5.9711 0.426 16.4304
5.9851 0.4278 16.4654
5.9991 0.4296 16.5004
6.0131 0.4314 16.5354
6.0271 0.4331 16.5704
6.0411 0.4349 16.6054
6.0551 0.4366 16.6404
6.0691 0.4383 16.6754
6.0831 0.44 16.7104
6.0971 0.4418 16.7454
6.1112 0.4435 16.7804
6.1252 0.4451 16.8154
6.1392 0.4468 16.8504
6.1532 0.4485 16.8854
6.1672 0.4502 16.9204
6.1812 0.4518 16.9554
6.1952 0.4535 16.985
6.1952 0.4535 16.985
6.1952 0.4535 16.985
6.1952 0.4535 16.985
6.1952 0.4535 16.985
6.1952 0.4535 16.985
6.1952 0.4535 16.985
6.1952 0.4535 16.985
6.1952 0.4535 16.985
6.1952 0.4535 16.985
6.1952 0.4535 16.985
6.1952 0.4535 16.985
6.1952 0.4535 16.985
6.1952 0.4535 16.985
6.1952 0.4535 16.985
6.1952 0.4535 16.985
6.1952 0.4535 16.985
6.1952 0.4535 16.985
6.1952 0.4535 16.985
6.1952 0.4535 16.985
6.1952 0.4535 16.985
6.1952 0.4535 16.985
6.1952 0.4535 16.985
6.1952 0.4535 16.985
6.1952 0.4535 16.985
6.1952 0.4535 16.985
6.1952 0.4535 16.985
6.1952 0.4535 16.985
6.1952 0.4535 16.985
6.1952 0.4535 16.985
6.1952 0.4535 16.985
6.1952 0.4535 16.985
6.1952 0.4535 16.985
6.1952 0.4535 16.985
6.1952 0.4535 16.985
6.1952 0.4535 16.985
6.1952 0.4535 16.985
6.1952 0.4535 16.985
6.1952 0.4535 16.985
6.1952 0.4535 16.985
6.1952 0.4535 16.985
6.1952 0.4535 16.985
6.1952 0.4535 16.985
6.1952 0.4535 16.985
6.1952 0.4535 16.985
6.1952 0.4535 16.985
6.1952 0.4535 16.985
6.1952 0.4535 16.985
6.1952 0.4535 16.985
6.1952 0.4535 16.985
6.1952 0.4535 16.985
6.1952 0.4535 16.985
6.1952 0.4535 16.985
6.1952 0.4535 16.985
6.1952 0.4535 16.985
6.1952 0.4535 16.985
6.1952 0.4535 16.985
6.1952 0.4535 16.985
6.1952 0.4535 16.985
6.1952 0.4535 16.985
6.1952 0.4535 16.985
6.1952 0.4535 16.985
6.1952 0.4535 16.985
6.1952 0.4535 16.985
6.1952 0.4535 16.985
6.1952 0.4535 16.985
6.1952 0.4535 16.985
6.1952 0.4535 16.985
6.1952 0.4535 16.985
6.1952 0.4535 16.985
6.1952 0.4535 16.985
6.1952 0.4535 16.985
6.1952 0.4535 16.985
6.1952 0.4535 16.985
6.1952 0.4535 16.985
6.1952 0.4535 16.985
6.1952 0.4535 16.985
6.1952 0.4535 16.985
6.1952 0.4535 16.985
6.1952 0.4535 16.985
6.1952 0.4535 16.985
6.1952 0.4535 16.985
6.1952 0.4535 16.985
6.1952 0.4535 16.985
6.1952 0.4535 16.985
6.1952 0.4535 16.985
6.1952 0.4535 16.985
6.1952 0.4535 16.985
6.1952 0.4535 16.985
6.1952 0.4535 16.985
6.1952 0.4535 16.985
6.1952 0.4535 16.985
6.1952 0.4535 16.985
6.1952 0.4535 16.985
6.1952 0.4535 16.985
6.1952 0.4535 16.985
6.1952 0.4535 16.985
6.1952 0.4535 16.985
6.1952 0.4535 16.985
6.1952 0.4535 16.985
6.1952 0.4535 16.985
6.1952 0.4535 16.985
6.1952 0.4535 16.985
6.1952 0.4535 16.985
6.1952 0.4535 16.985
6.1952 0.4535 16.985
6.1952 0.4535 16.985
6.1952 0.4535 16.985
6.1952 0.4535 16.985
6.1952 0.4535 16.985
6.1952 0.4535 16.985
6.1952 0.4535 16.985
6.1952 0.4535 16.985
6.1952 0.4535 16.985
6.1952 0.4535 16.985
6.1952 0.4535 16.985
6.1952 0.4535 16.985
6.1952 0.4535 16.985
6.1952 0.4535 16.985
6.1952 0.4535 16.985
6.1952 0.4535 16.985
6.1952 0.4535 16.985
6.1952 0.4535 16.985
6.1952 0.4535 16.985
6.1952 0.4535 16.985
6.1952 0.4535 16.985
6.1952 0.4535 16.985
6.1952 0.4535 16.985
6.1952 0.4535 16.985
6.1952 0.4535 16.985
6.1952 0.4535 16.985
6.1952 0.4535 16.985
6.1952 0.4535 16.985
6.1952 0.4535 16.985
6.1952 0.4535 16.985
6.1952 0.4535 16.985
6.1952 0.4535 16.985
6.1952 0.4535 16.985
6.1952 0.4535 16.985
6.1952 0.4535 16.985
6.1952 0.4535 16.985
6.1952 0.4535 16.985
6.1952 0.4535 16.985
6.1952 0.4535 16.985
6.1952 0.4535 16.985
6.1952 0.4535 16.985
6.1952 0.4535 16.985
6.1952 0.4535 16.985
6.1952 0.4535 16.985
6.1952 0.4535 16.985
6.1952 0.4535 16.985
6.1952 0.4535 16.985
6.1952 0.4535 16.985
6.1952 0.4535 16.985
6.1952 0.4535 16.985
6.1952 0.4535 16.985
6.1952 0.4535 16.985
6.1952 0.4535 16.985
6.1952 0.4535 16.985
6.1952 0.4535 16.985
6.1952 0.4535 16.985
6.1952 0.4535 16.985
6.1952 0.4535 16.985
6.1952 0.4535 16.985
6.1952 0.4535 16.985
6.1952 0.4535 16.985
6.1952 0.4535 16.985
6.1952 0.4535 16.985
6.1952 0.4535 16.985
6.1952 0.4535 16.985
6.1952 0.4535 16.985
6.1952 0.4535 16.985
6.1952 0.4535 16.985
6.1952 0.4535 16.985
6.1952 0.4535 16.985
6.1952 0.4535 16.985
6.1952 0.4535 16.985
6.1952 0.4535 16.985
6.1952 0.4535 16.985
6.1952 0.4535 16.985
6.1952 0.4535 16.985
6.1952 0.4535 16.985
6.1952 0.4535 16.985
6.1952 0.4535 16.985
6.1952 0.4535 16.985
6.1952 0.4535 16.985
6.1952 0.4535 16.985
6.1952 0.4535 16.985
6.1952 0.4535 16.985
6.1952 0.4535 16.985
6.1952 0.4535 16.985
6.1952 0.4535 16.985
6.1952 0.4535 16.985
6.1952 0.4535 16.985
6.1952 0.4535 16.985
6.1952 0.4535 16.985
6.1952 0.4535 16.985
6.1952 0.4535 16.985
6.1952 0.4535 16.985
6.1952 0.4535 16.985
6.1952 0.4535 16.985
6.1952 0.4535 16.985
6.1952 0.4535 16.985
6.1952 0.4535 16.985
6.1952 0.4535 16.985
6.1952 0.4535 16.985
6.1952 0.4535 16.985
6.1952 0.4535 16.985
6.1952 0.4535 16.985
6.1952 0.4535 16.985
6.1952 0.4535 16.985
6.1952 0.4535 16.985
6.1952 0.4535 16.985
6.1952 0.4535 16.985
6.1952 0.4535 16.985
6.1952 0.4535 16.985
6.1952 0.4535 16.985
6.1952 0.4535 16.985
6.1952 0.4535 16.985
6.1952 0.4535 16.985
6.1952 0.4535 16.985
6.1952 0.4535 16.985
6.1952 0.4535 16.985
6.1952 0.4535 16.985
6.1952 0.4535 16.985
6.1952 0.4535 16.985
6.1952 0.4535 16.985
6.1952 0.4535 16.985
6.1952 0.4535 16.985
6.1952 0.4535 16.985
6.1952 0.4535 16.985
6.1952 0.4535 16.985
6.1952 0.4535 16.985
6.1952 0.4535 16.985
6.1952 0.4535 16.985
6.1952 0.4535 16.985
6.1952 0.4535 16.985
6.1952 0.4535 16.985
6.1952 0.4535 16.985
6.1952 0.4535 16.985
6.1952 0.4535 16.985
6.1952 0.4535 16.985
6.1952 0.4535 16.985
6.1952 0.4535 16.985
6.1952 0.4535 16.985
6.1952 0.4535 16.985
6.1952 0.4535 16.985
6.1952 0.4535 16.985
6.1952 0.4535 16.985
6.1952 0.4535 16.985
6.1952 0.4535 16.985
6.1952 0.4535 16.985
6.1952 0.4535 16.985
6.1952 0.4535 16.985
6.1952 0.4535 16.985
6.1952 0.4535 16.985
6.1952 0.4535 16.985
6.1952 0.4535 16.985
6.1952 0.4535 16.985
6.1952 0.4535 16.985
6.1952 0.4535 16.985
6.1952 0.4535 16.985
6.1952 0.4535 16.985
6.1952 0.4535 16.985
6.1952 0.4535 16.985
6.1952 0.4535 16.985
6.1952 0.4535 16.985
6.1952 0.4535 16.985
6.1952 0.4535 16.985
6.1952 0.4535 16.985
6.1952 0.4535 16.985
6.1952 0.4535 16.985
6.1952 0.4535 16.985
6.1952 0.4535 16.985
6.1952 0.4535 16.985
6.1952 0.4535 16.985
6.1952 0.4535 16.985
6.1952 0.4535 16.985
6.1952 0.4535 16.985
6.1952 0.4535 16.985
6.1952 0.4535 16.985
6.1952 0.4535 16.985
6.1952 0.4535 16.985
6.1952 0.4535 16.985
6.1952 0.4535 16.985
6.1952 0.4535 16.985
6.1952 0.4535 16.985
6.1952 0.4535 16.985
6.1952 0.4535 16.985
6.1952 0.4535 16.985
6.1952 0.4535 16.985
6.1952 0.4535 16.985
6.1952 0.4535 16.985
6.1952 0.4535 16.985
6.1952 0.4535 16.985
6.1952 0.4535 16.985
6.1952 0.4535 16.985
6.1952 0.4535 16.985
6.1952 0.4535 16.985
6.1952 0.4535 16.985
6.1952 0.4535 16.985
6.1952 0.4535 16.985
6.1952 0.4535 16.985
6.1952 0.4535 16.985
6.1952 0.4535 16.985
6.1952 0.4535 16.985
6.1952 0.4535 16.985
6.1952 0.4535 16.985
6.1952 0.4535 16.985
6.1952 0.4535 16.985
6.1952 0.4535 16.985
6.1952 0.4535 16.985
6.1952 0.4535 16.985
6.1952 0.4535 16.985
6.1952 0.4535 16.985
6.1952 0.4535 16.985
6.1952 0.4535 16.985
6.1952 0.4535 16.985
6.1952 0.4535 16.985
6.1952 0.4535 16.985
6.1952 0.4535 16.985
6.1952 0.4535 16.985
6.1952 0.4535 16.985
6.1952 0.4535 16.985
6.1952 0.4535 16.985
6.1952 0.4535 16.985
6.1952 0.4535 16.985
6.1952 0.4535 16.985
6.1952 0.4535 16.985
6.1952 0.4535 16.985
6.1952 0.4535 16.985
6.1952 0.4535 16.985
6.1952 0.4535 16.985
6.1952 0.4535 16.985
6.1952 0.4535 16.985
6.1952 0.4535 16.985
6.1952 0.4535 16.985
6.1952 0.4535 16.985
6.1952 0.4535 16.985
6.1952 0.4535 16.985
6.1952 0.4535 16.985
6.1952 0.4535 16.985
6.1952 0.4535 16.985
6.1952 0.4535 16.985
6.1952 0.4535 16.985
6.1952 0.4535 16.985
6.1952 0.4535 16.985
6.1952 0.4535 16.985
6.1952 0.4535 16.985
6.1952 0.4535 16.985
6.1952 0.4535 16.985
6.1952 0.4535 16.985
6.1952 0.4535 16.985
6.1952 0.4535 16.985
6.1952 0.4535 16.985
6.1952 0.4535 16.985
6.1952 0.4535 16.985
6.1952 0.4535 16.985
6.1952 0.4535 16.985
6.1952 0.4535 16.985
6.1952 0.4535 16.985
6.1952 0.4535 16.985
6.1952 0.4535 16.985
6.1952 0.4535 16.985
6.1952 0.4535 16.985
6.1952 0.4535 16.985
6.1952 0.4535 16.985
6.1952 0.4535 16.985
6.1952 0.4535 16.985
6.1952 0.4535 16.985
6.1952 0.4535 16.985
6.1952 0.4535 16.985
6.1952 0.4535 16.985
6.1952 0.4535 16.985
6.1952 0.4535 16.985
6.1952 0.4535 16.985
6.1952 0.4535 16.985
6.1952 0.4535 16.985
6.1952 0.4535 16.985
6.1952 0.4535 16.985
6.1952 0.4535 16.985
6.1952 0.4535 16.985
6.1952 0.4535 16.985
6.1952 0.4535 16.985
6.1952 0.4535 16.985
6.1952 0.4535 16.985
6.1952 0.4535 16.985
6.1952 0.4535 16.985
6.1952 0.4535 16.985
6.1952 0.4535 16.985
6.1952 0.4535 16.985
6.1952 0.4535 16.985
6.1952 0.4535 16.985
6.1952 0.4535 16.985
6.1952 0.4535 16.985
6.1952 0.4535 16.985
6.1952 0.4535 16.985
6.1952 0.4535 16.985
6.1952 0.4535 16.985
6.1952 0.4535 16.985
6.1952 0.4535 16.985
6.1952 0.4535 16.985
6.1952 0.4535 16.985
6.1952 0.4535 16.985
6.1952 0.4535 16.985
6.1952 0.4535 16.985
6.1952 0.4535 16.985
6.1952 0.4535 16.985
6.1952 0.4535 16.985
6.1952 0.4535 16.985
6.1952 0.4535 16.985
6.1952 0.4535 16.985
6.1952 0.4535 16.985
6.1952 0.4535 16.985
6.1952 0.4535 16.985
6.1952 0.4535 16.985
6.1952 0.4535 16.985
6.1952 0.4535 16.985
6.1952 0.4535 16.985
6.1952 0.4535 16.985
6.1952 0.4535 16.985
6.1952 0.4535 16.985
6.1952 0.4535 16.985
6.1952 0.4535 16.985
6.1952 0.4535 16.985
6.1952 0.4535 16.985
6.1952 0.4535 16.985
6.1952 0.4535 16.985
6.1952 0.4535 16.985
6.1952 0.4535 16.985
6.1952 0.4535 16.985
6.1952 0.4535 16.985
6.1952 0.4535 16.985
6.1952 0.4535 16.985
6.1952 0.4535 16.985
6.1952 0.4535 16.985
6.1952 0.4535 16.985
6.1952 0.4535 16.985
6.1952 0.4535 16.985
6.1952 0.4535 16.985
6.1952 0.4535 16.985
6.1952 0.4535 16.985
6.1952 0.4535 16.985
6.1952 0.4535 16.985
6.1952 0.4535 16.985
6.1952 0.4535 16.985
6.1952 0.4535 16.985
6.1952 0.4535 16.985
6.1952 0.4535 16.985
6.1952 0.4535 16.985
6.1952 0.4535 16.985
6.1952 0.4535 16.985
6.1952 0.4535 16.985
6.1952 0.4535 16.985
6.1952 0.4535 16.985
6.1952 0.4535 16.985
6.1952 0.4535 16.985
6.1952 0.4535 16.985
6.1952 0.4535 16.985
6.1952 0.4535 16.985
6.1952 0.4535 16.985
6.1952 0.4535 16.985
6.1952 0.4535 16.985
6.1952 0.4535 16.985
6.1952 0.4535 16.985
6.1952 0.4535 16.985
6.1952 0.4535 16.985
6.1952 0.4535 16.985
6.1952 0.4535 16.985
6.1952 0.4535 16.985
6.1952 0.4535 16.985
6.1952 0.4535 16.985
6.1952 0.4535 16.985
6.1952 0.4535 16.985
6.1952 0.4535 16.985
6.1952 0.4535 16.985
6.1952 0.4535 16.985
6.1952 0.4535 16.985
6.1952 0.4535 16.985
6.1952 0.4535 16.985
6.1952 0.4535 16.985
6.1952 0.4535 16.985
6.1952 0.4535 16.985
6.1952 0.4535 16.985
6.1952 0.4535 16.985
6.1952 0.4535 16.985
6.1952 0.4535 16.985
6.1952 0.4535 16.985
6.1952 0.4535 16.985
6.1952 0.4535 16.985
6.1952 0.4535 16.985
6.1952 0.4535 16.985
6.1952 0.4535 16.985
6.1952 0.4535 16.985
6.1952 0.4535 16.985
6.1952 0.4535 16.985
6.1952 0.4535 16.985
6.1952 0.4535 16.985
6.1952 0.4535 16.985
6.1952 0.4535 16.985
6.1952 0.4535 16.985
6.1952 0.4535 16.985
6.1952 0.4535 16.985
6.1952 0.4535 16.985
6.1952 0.4535 16.985
6.1952 0.4535 16.985
6.1952 0.4535 16.985
6.1952 0.4535 16.985
6.1952 0.4535 16.985
6.1952 0.4535 16.985
6.1952 0.4535 16.985
6.1952 0.4535 16.985
6.1952 0.4535 16.985
6.1952 0.4535 16.985
6.1952 0.4535 16.985
