-1.115 3 -5.785
-1.095 2.99 -5.737
-1.075 2.98 -5.689
-1.055 2.97 -5.641
-1.035 2.9599 -5.593
-1.015 2.9499 -5.545
-0.995 2.9398 -5.497
-0.975 2.9298 -5.449
-0.955 2.9197 -5.401
-0.935 2.9096 -5.353
-0.915 2.8995 -5.305
-0.895 2.8894 -5.257
-0.875 2.8793 -5.209
-0.855 2.8692 -5.161
-0.835 2.859 -5.113
-0.815 2.8489 -5.065
-0.795 2.8387 -5.017
-0.775 2.8286 -4.969
-0.755 2.8184 -4.921
-0.735 2.8082 -4.873
-0.715 2.798 -4.825
-0.695 2.7878 -4.777
-0.675 2.7776 -4.729
-0.655 2.7674 -4.681
-0.635 2.7572 -4.633
-0.615 2.7469 -4.585
-0.595 2.7367 -4.537
-0.575 2.7264 -4.489
-0.555 2.7161 -4.441
-0.535 2.7059 -4.393
-0.515 2.6956 -4.345
-0.495 2.6853 -4.297
-0.475 2.675 -4.2489
-0.455 2.6646 -4.2009
-0.435 2.6543 -4.1529
-0.415 2.644 -4.1049
-0.395 2.6336 -4.0569
-0.375 2.6233 -4.0089
-0.355 2.6129 -3.9609
-0.335 2.6025 -3.9129
-0.315 2.5921 -3.8649
-0.295 2.5817 -3.8169
-0.275 2.5713 -3.7689
-0.255 2.5609 -3.7209
-0.235 2.5505 -3.6729
-0.215 2.5401 -3.6249
-0.195 2.5296 -3.5769
-0.175 2.5191 -3.5289
-0.155 2.5087 -3.4809
-0.135 2.4982 -3.4329
-0.115 2.4877 -3.3849
-0.095 2.4772 -3.3369
-0.075 2.4667 -3.2889
-0.055 2.4562 -3.2409
-0.035 2.4457 -3.1929
-0.015 2.4351 -3.1449
0.005 2.4246 -3.0969
0.025 2.414 -3.0489
0.045 2.4035 -3.0009
0.065 2.3929 -2.9529
0.085 2.3823 -2.9049
0.105 2.3717 -2.8569
0.125 2.3611 -2.8089
0.145 2.3505 -2.7609
0.165 2.3399 -2.7129
0.185 2.3293 -2.6649
0.205 2.3186 -2.6169
0.225 2.308 -2.5689
0.245 2.2973 -2.5209
0.265 2.2866 -2.4729
0.285 2.2759 -2.4249
0.305 2.2652 -2.3769
0.325 2.2545 -2.3289
0.345 2.2438 -2.2809
0.365 2.2331 -2.2329
0.3851 2.2224 -2.1849
0.4051 2.2116 -2.1369
0.4251 2.2009 -2.0889
0.4451 2.1901 -2.0409
0.4651 2.1794 -1.9929
0.4851 2.1686 -1.9449
0.5051 2.1578 -1.8969
0.5251 2.147 -1.8489
0.5451 2.1362 -1.8009
0.5651 2.1254 -1.7529
0.5851 2.1145 -1.7049
0.6051 2.1037 -1.6569
0.6251 2.0928 -1.6089
0.6451 2.082 -1.5609
0.6651 2.0711 -1.5129
0.6851 2.0602 -1.4649
0.7051 2.0493 -1.4169
0.7251 2.0385 -1.3689
0.7451 2.0275 -1.3209
0.7651 2.0166 -1.2728
0.7851 2.0057 -1.2248
0.8051 1.9948 -1.1768
0.8251 1.9838 -1.1288
0.8451 1.9729 -1.0808
0.8651 1.9619 -1.0328
0.8851 1.9509 -0.9848
0.9051 1.9399 -0.9368
0.9251 1.9289 -0.8888
0.9451 1.9179 -0.8408
0.9651 1.9069 -0.7928
0.9851 1.8959 -0.7448
1.0051 1.8848 -0.6968
1.0251 1.8738 -0.6488
1.0451 1.8627 -0.6008
1.0651 1.8517 -0.5528
1.0851 1.8406 -0.5048
1.1051 1.8295 -0.4568
1.1251 1.8184 -0.4088
1.1451 1.8073 -0.3608
1.1651 1.7962 -0.3128
1.1851 1.7851 -0.2648
1.2051 1.774 -0.2168
1.2251 1.7628 -0.1688
1.2451 1.7517 -0.1208
1.2651 1.7405 -0.0728
1.2851 1.7293 -0.0248
1.3051 1.7181 0.0232
1.3251 1.7069 0.0712
1.3451 1.6957 0.1192
1.3651 1.6845 0.1672
1.3851 1.6733 0.2152
1.4051 1.6621 0.2632
1.4251 1.6508 0.3112
1.4451 1.6396 0.3592
1.4651 1.6283 0.4072
1.4851 1.6171 0.4552
1.5051 1.6058 0.5032
1.5251 1.5945 0.5512
1.5451 1.5832 0.5992
1.5651 1.5719 0.6472
1.5851 1.5606 0.6952
1.6051 1.5492 0.7432
1.6251 1.5379 0.7912
1.6451 1.5265 0.8392
1.6651 1.5152 0.8872
1.6851 1.5038 0.9352
1.7051 1.4924 0.9832
1.7251 1.481 1.0312
1.7451 1.4696 1.0792
1.7651 1.4582 1.1272
1.7851 1.4468 1.1752
1.8051 1.4354 1.2232
1.8251 1.424 1.2712
1.8451 1.4125 1.3192
1.8651 1.401 1.3672
1.8851 1.3896 1.4152
1.9051 1.3781 1.4632
1.9251 1.3666 1.5112
1.9451 1.3551 1.5592
1.9651 1.3436 1.6072
1.9851 1.3321 1.6552
2.0051 1.3206 1.7032
2.0251 1.309 1.7513
2.0451 1.2975 1.7993
2.0651 1.2859 1.8473
2.0851 1.2744 1.8953
2.1051 1.2628 1.9433
2.1251 1.2512 1.9913
2.1451 1.2396 2.0393
2.1651 1.228 2.0873
2.1851 1.2164 2.1353
2.2051 1.2048 2.1833
2.2251 1.1931 2.2313
2.2451 1.1815 2.2793
2.2651 1.1698 2.3273
2.2851 1.1582 2.3753
2.3051 1.1465 2.4233
2.3251 1.1348 2.4713
2.3451 1.1231 2.5193
2.3651 1.1114 2.5673
2.3851 1.0997 2.6153
2.4051 1.088 2.6633
2.4251 1.0763 2.7113
2.4451 1.0645 2.7593
2.4651 1.0528 2.8073
2.4851 1.041 2.8553
2.5051 1.0292 2.9033
2.5251 1.0175 2.9513
2.5451 1.0057 2.9993
2.5651 0.9939 3.0473
2.5851 0.9821 3.0953
2.6051 0.9702 3.1433
2.6251 0.9584 3.1913
2.6451 0.9466 3.2393
2.6651 0.9347 3.2873
2.6851 0.9229 3.3353
2.7051 0.911 3.3833
2.7251 0.8991 3.4313
2.7451 0.8872 3.4793
2.7651 0.8753 3.5273
2.7851 0.8634 3.5753
2.8051 0.8515 3.6233
2.8251 0.8396 3.6713
2.8451 0.8276 3.7193
2.8651 0.8157 3.7673
2.8851 0.8037 3.8153
2.9051 0.7918 3.8633
2.9251 0.7798 3.9113
2.9451 0.7678 3.9593
2.9651 0.7558 4.0073
2.9851 0.7438 4.0553
3.0051 0.7318 4.1033
3.0251 0.7197 4.1513
3.0451 0.7077 4.1993
3.0651 0.6957 4.2473
3.0851 0.6836 4.2953
3.1051 0.6715 4.3433
3.1251 0.6595 4.3913
3.1451 0.6474 4.4393
3.1651 0.6353 4.4873
3.1851 0.6232 4.5353
3.2051 0.6111 4.5833
3.2251 0.5989 4.6313
3.2451 0.5868 4.6793
3.2651 0.5747 4.7274
3.2851 0.5625 4.7754
3.3051 0.5503 4.8234
3.3251 0.5382 4.8714
3.3451 0.526 4.9194
3.3651 0.5138 4.9674
3.3852 0.5016 5.0154
3.4052 0.4894 5.0634
3.4252 0.4772 5.1114
3.4452 0.4649 5.1594
3.4652 0.4527 5.2074
3.4852 0.4404 5.2554
3.5052 0.4282 5.3034
3.5252 0.4159 5.3514
3.5452 0.4036 5.3994
3.5652 0.3913 5.4474
3.5852 0.379 5.4954
3.6052 0.3667 5.5434
3.6252 0.3544 5.5914
3.6452 0.3421 5.6394
3.6652 0.3297 5.6874
3.6852 0.3174 5.7354
3.7052 0.305 5.7834
3.7252 0.2926 5.8314
3.7452 0.2803 5.8794
3.7652 0.2679 5.9274
3.7852 0.2555 5.9754
3.8052 0.2431 6.0234
3.8252 0.2306 6.0714
3.8452 0.2182 6.1194
3.8652 0.2058 6.1674
3.8852 0.1933 6.2154
3.9052 0.1809 6.2634
3.9252 0.1684 6.3114
3.9452 0.1559 6.3594
3.9652 0.1434 6.4074
3.9852 0.1309 6.4554
4.0052 0.1184 6.5034
4.0252 0.1059 6.5514
4.0452 0.0934 6.5994
4.0652 0.0809 6.6474
4.0852 0.0683 6.6954
4.1052 0.0558 6.7434
4.1252 0.0432 6.7914
4.1452 0.0306 6.8394
4.1652 0.018 6.8874
4.1852 0.0054 6.9354
4.1938 -0 6.9561
4.1938 0 6.9561
4.2138 0.0088 7.0041
4.2338 0.0176 7.0521
4.2538 0.0264 7.1001
4.2738 0.0352 7.1481
4.2938 0.044 7.1961
4.3138 0.0528 7.2441
4.3338 0.0615 7.2921
4.3538 0.0703 7.3401
4.3738 0.079 7.3881
4.3938 0.0877 7.4361
4.4138 0.0965 7.4841
4.4338 0.1052 7.5321
4.4538 0.1139 7.5801
4.4738 0.1226 7.6281
4.4938 0.1312 7.6762
4.5138 0.1399 7.7242
4.5338 0.1486 7.7722
4.5538 0.1572 7.8202
4.5738 0.1659 7.8682
4.5938 0.1745 7.9162
4.6138 0.1831 7.9642
4.6338 0.1917 8.0122
4.6538 0.2003 8.0602
4.6738 0.2089 8.1082
4.6938 0.2175 8.1562
4.7138 0.2261 8.2042
4.7338 0.2346 8.2522
4.7538 0.2432 8.3002
4.7738 0.2517 8.3482
4.7938 0.2603 8.3962
4.8138 0.2688 8.4442
4.8338 0.2773 8.4922
4.8538 0.2858 8.5402
4.8738 0.2943 8.5882
4.8938 0.3028 8.6362
4.9138 0.3113 8.6842
4.9338 0.3197 8.7322
4.9538 0.3282 8.7802
4.9738 0.3366 8.8282
4.9938 0.3451 8.8762
5.0138 0.3535 8.9242
5.0338 0.3619 8.9722
5.0538 0.3703 9.0202
5.0738 0.3787 9.0682
5.0938 0.3871 9.1162
5.1138 0.3955 9.1642
5.1338 0.4038 9.2122
5.1538 0.4122 9.2602
5.1738 0.4206 9.3082
5.1938 0.4289 9.3562
5.2138 0.4372 9.4042
5.2338 0.4455 9.4522
5.2538 0.4538 9.5002
5.2738 0.4621 9.5482
5.2938 0.4704 9.5962
5.3138 0.4787 9.6442
5.3338 0.487 9.6922
5.3538 0.4952 9.7402
5.3738 0.5035 9.7882
5.3938 0.5117 9.8362
5.4138 0.52 9.8842
5.4338 0.5282 9.9322
5.4538 0.5364 9.9802
5.4738 0.5446 10.0282
5.4938 0.5528 10.0762
5.5138 0.561 10.1242
5.5338 0.5691 10.1722
5.5538 0.5773 10.2202
5.5738 0.5854 10.2682
5.5938 0.5936 10.3162
5.6138 0.6017 10.3642
5.6339 0.6098 10.4122
5.6539 0.6179 10.4602
5.6739 0.626 10.5082
5.6939 0.6341 10.5562
5.7139 0.6422 10.6042
5.7339 0.6503 10.6522
5.7539 0.6584 10.7003
5.7739 0.6664 10.7483
5.7939 0.6745 10.7963
5.8139 0.6825 10.8443
5.8339 0.6905 10.8923
5.8539 0.6985 10.9403
5.8739 0.7065 10.9883
5.8939 0.7145 11.0363
5.9139 0.7225 11.0843
5.9339 0.7305 11.1323
5.9539 0.7384 11.1803
5.9739 0.7464 11.2283
5.9939 0.7543 11.2763
6.0139 0.7623 11.3243
6.0339 0.7702 11.3723
6.0539 0.7781 11.4203
6.0739 0.786 11.4683
6.0939 0.7939 11.5163
6.1139 0.8018 11.5643
6.1339 0.8097 11.6123
6.1539 0.8176 11.6603
6.1739 0.8254 11.7083
6.1939 0.8333 11.7563
6.2139 0.8411 11.8043
6.2339 0.8489 11.8523
6.2539 0.8567 11.9003
6.2739 0.8645 11.9483
6.2939 0.8723 11.9963
6.3139 0.8801 12.0443
6.3339 0.8879 12.0923
6.3539 0.8957 12.1403
6.3739 0.9034 12.1883
6.3939 0.9112 12.2363
6.4139 0.9189 12.2843
6.4339 0.9267 12.3323
6.4539 0.9344 12.3803
6.4739 0.9421 12.4283
6.4939 0.9498 12.4763
6.5139 0.9575 12.5243
6.5339 0.9652 12.5723
6.5539 0.9728 12.6203
6.5739 0.9805 12.6683
6.5939 0.9881 12.7163
6.6139 0.9958 12.7643
6.6339 1.0034 12.8123
6.6539 1.011 12.8603
6.6739 1.0186 12.9083
6.6939 1.0262 12.9563
6.7139 1.0338 13.0043
6.7339 1.0414 13.0523
6.7539 1.049 13.1003
6.7739 1.0565 13.1483
6.7939 1.0641 13.1963
6.8139 1.0716 13.2443
6.8339 1.0792 13.2923
6.8539 1.0867 13.3403
6.8739 1.0942 13.3883
6.8939 1.1017 13.4363
6.9139 1.1092 13.4843
6.9339 1.1167 13.5323
6.9539 1.1242 13.5803
6.9739 1.1316 13.6283
6.9939 1.1391 13.6764
7.0139 1.1465 13.7244
7.0339 1.154 13.7724
7.0539 1.1614 13.8204
7.0739 1.1688 13.8684
7.0939 1.1762 13.9164
7.1139 1.1836 13.9644
7.1339 1.191 14.0124
7.1539 1.1984 14.0604
7.1739 1.2057 14.1084
7.1939 1.2131 14.1564
7.2139 1.2204 14.2044
7.2339 1.2278 14.2524
7.2539 1.2351 14.3004
7.2739 1.2424 14.3484
7.2939 1.2497 14.3964
7.3139 1.257 14.4444
7.3339 1.2643 14.4924
7.3539 1.2716 14.5404
7.3739 1.2789 14.5884
7.3939 1.2861 14.6364
7.4139 1.2934 14.6844
7.4339 1.3006 14.7324
7.4539 1.3078 14.7804
7.4739 1.3151 14.8284
7.4939 1.3223 14.8764
7.5139 1.3295 14.9244
7.5339 1.3366 14.9724
7.5539 1.3438 15.0204
7.5739 1.351 15.0684
7.5939 1.3582 15.1164
7.6139 1.3653 15.1644
7.6339 1.3724 15.2124
7.6539 1.3796 15.2604
7.6739 1.3867 15.3084
7.6939 1.3938 15.3564
7.7139 1.4009 15.4044
7.7339 1.408 15.4524
7.7539 1.4151 15.5004
7.7739 1.4222 15.5484
7.7939 1.4292 15.5964
7.8139 1.4363 15.6444
7.8339 1.4433 15.6924
7.8539 1.4503 15.7404
7.8739 1.4574 15.7884
7.8939 1.4644 15.8364
7.9139 1.4714 15.8844
7.9339 1.4784 15.9324
7.9539 1.4854 15.9804
7.9739 1.4923 16.0284
7.9939 1.4993 16.0764
8.0139 1.5063 16.1244
8.0339 1.5132 16.1724
8.0539 1.5201 16.2204
8.0739 1.5271 16.2684
8.0939 1.534 16.3164
8.1139 1.5409 16.3644
8.1339 1.5478 16.4124
8.1539 1.5547 16.4604
8.1739 1.5615 16.5084
8.1939 1.5684 16.5564
8.2139 1.5753 16.6044
8.2339 1.5821 16.6524
8.2539 1.5889 16.7005
8.2739 1.5958 16.7485
8.2939 1.6026 16.7965
8.3139 1.6094 16.8445
8.3339 1.6162 16.8925
8.3539 1.623 16.9405
8.3739 1.6298 16.985
8.3739 1.6298 16.985
8.3739 1.6298 16.985
8.3739 1.6298 16.985
8.3739 1.6298 16.985
8.3739 1.6298 16.985
8.3739 1.6298 16.985
8.3739 1.6298 16.985
8.3739 1.6298 16.985
8.3739 1.6298 16.985
8.3739 1.6298 16.985
8.3739 1.6298 16.985
8.3739 1.6298 16.985
8.3739 1.6298 16.985
8.3739 1.6298 16.985
8.3739 1.6298 16.985
8.3739 1.6298 16.985
8.3739 1.6298 16.985
8.3739 1.6298 16.985
8.3739 1.6298 16.985
8.3739 1.6298 16.985
8.3739 1.6298 16.985
8.3739 1.6298 16.985
8.3739 1.6298 16.985
8.3739 1.6298 16.985
8.3739 1.6298 16.985
8.3739 1.6298 16.985
8.3739 1.6298 16.985
8.3739 1.6298 16.985
8.3739 1.6298 16.985
8.3739 1.6298 16.985
8.3739 1.6298 16.985
8.3739 1.6298 16.985
8.3739 1.6298 16.985
8.3739 1.6298 16.985
8.3739 1.6298 16.985
8.3739 1.6298 16.985
8.3739 1.6298 16.985
8.3739 1.6298 16.985
8.3739 1.6298 16.985
8.3739 1.6298 16.985
8.3739 1.6298 16.985
8.3739 1.6298 16.985
8.3739 1.6298 16.985
8.3739 1.6298 16.985
8.3739 1.6298 16.985
8.3739 1.6298 16.985
8.3739 1.6298 16.985
8.3739 1.6298 16.985
8.3739 1.6298 16.985
8.3739 1.6298 16.985
8.3739 1.6298 16.985
8.3739 1.6298 16.985
8.3739 1.6298 16.985
8.3739 1.6298 16.985
8.3739 1.6298 16.985
8.3739 1.6298 16.985
8.3739 1.6298 16.985
8.3739 1.6298 16.985
8.3739 1.6298 16.985
8.3739 1.6298 16.985
8.3739 1.6298 16.985
8.3739 1.6298 16.985
8.3739 1.6298 16.985
8.3739 1.6298 16.985
8.3739 1.6298 16.985
8.3739 1.6298 16.985
8.3739 1.6298 16.985
8.3739 1.6298 16.985
8.3739 1.6298 16.985
8.3739 1.6298 16.985
8.3739 1.6298 16.985
8.3739 1.6298 16.985
8.3739 1.6298 16.985
8.3739 1.6298 16.985
8.3739 1.6298 16.985
8.3739 1.6298 16.985
8.3739 1.6298 16.985
8.3739 1.6298 16.985
8.3739 1.6298 16.985
8.3739 1.6298 16.985
8.3739 1.6298 16.985
8.3739 1.6298 16.985
8.3739 1.6298 16.985
8.3739 1.6298 16.985
8.3739 1.6298 16.985
8.3739 1.6298 16.985
8.3739 1.6298 16.985
8.3739 1.6298 16.985
8.3739 1.6298 16.985
8.3739 1.6298 16.985
8.3739 1.6298 16.985
8.3739 1.6298 16.985
8.3739 1.6298 16.985
8.3739 1.6298 16.985
8.3739 1.6298 16.985
8.3739 1.6298 16.985
8.3739 1.6298 16.985
8.3739 1.6298 16.985
8.3739 1.6298 16.985
8.3739 1.6298 16.985
8.3739 1.6298 16.985
8.3739 1.6298 16.985
8.3739 1.6298 16.985
8.3739 1.6298 16.985
8.3739 1.6298 16.985
8.3739 1.6298 16.985
8.3739 1.6298 16.985
8.3739 1.6298 16.985
8.3739 1.6298 16.985
8.3739 1.6298 16.985
8.3739 1.6298 16.985
8.3739 1.6298 16.985
8.3739 1.6298 16.985
8.3739 1.6298 16.985
8.3739 1.6298 16.985
8.3739 1.6298 16.985
8.3739 1.6298 16.985
8.3739 1.6298 16.985
8.3739 1.6298 16.985
8.3739 1.6298 16.985
8.3739 1.6298 16.985
8.3739 1.6298 16.985
8.3739 1.6298 16.985
8.3739 1.6298 16.985
8.3739 1.6298 16.985
8.3739 1.6298 16.985
8.3739 1.6298 16.985
8.3739 1.6298 16.985
8.3739 1.6298 16.985
8.3739 1.6298 16.985
8.3739 1.6298 16.985
8.3739 1.6298 16.985
8.3739 1.6298 16.985
8.3739 1.6298 16.985
8.3739 1.6298 16.985
8.3739 1.6298 16.985
8.3739 1.6298 16.985
8.3739 1.6298 16.985
8.3739 1.6298 16.985
8.3739 1.6298 16.985
8.3739 1.6298 16.985
8.3739 1.6298 16.985
8.3739 1.6298 16.985
8.3739 1.6298 16.985
8.3739 1.6298 16.985
8.3739 1.6298 16.985
8.3739 1.6298 16.985
8.3739 1.6298 16.985
8.3739 1.6298 16.985
8.3739 1.6298 16.985
8.3739 1.6298 16.985
8.3739 1.6298 16.985
8.3739 1.6298 16.985
8.3739 1.6298 16.985
8.3739 1.6298 16.985
8.3739 1.6298 16.985
8.3739 1.6298 16.985
8.3739 1.6298 16.985
8.3739 1.6298 16.985
8.3739 1.6298 16.985
8.3739 1.6298 16.985
8.3739 1.6298 16.985
8.3739 1.6298 16.985
8.3739 1.6298 16.985
8.3739 1.6298 16.985
8.3739 1.6298 16.985
8.3739 1.6298 16.985
8.3739 1.6298 16.985
8.3739 1.6298 16.985
8.3739 1.6298 16.985
8.3739 1.6298 16.985
8.3739 1.6298 16.985
8.3739 1.6298 16.985
8.3739 1.6298 16.985
8.3739 1.6298 16.985
8.3739 1.6298 16.985
8.3739 1.6298 16.985
8.3739 1.6298 16.985
8.3739 1.6298 16.985
8.3739 1.6298 16.985
8.3739 1.6298 16.985
8.3739 1.6298 16.985
8.3739 1.6298 16.985
8.3739 1.6298 16.985
8.3739 1.6298 16.985
8.3739 1.6298 16.985
8.3739 1.6298 16.985
8.3739 1.6298 16.985
8.3739 1.6298 16.985
8.3739 1.6298 16.985
8.3739 1.6298 16.985
8.3739 1.6298 16.985
8.3739 1.6298 16.985
8.3739 1.6298 16.985
8.3739 1.6298 16.985
8.3739 1.6298 16.985
8.3739 1.6298 16.985
8.3739 1.6298 16.985
8.3739 1.6298 16.985
8.3739 1.6298 16.985
8.3739 1.6298 16.985
8.3739 1.6298 16.985
8.3739 1.6298 16.985
8.3739 1.6298 16.985
8.3739 1.6298 16.985
8.3739 1.6298 16.985
8.3739 1.6298 16.985
8.3739 1.6298 16.985
8.3739 1.6298 16.985
8.3739 1.6298 16.985
8.3739 1.6298 16.985
8.3739 1.6298 16.985
8.3739 1.6298 16.985
8.3739 1.6298 16.985
8.3739 1.6298 16.985
8.3739 1.6298 16.985
8.3739 1.6298 16.985
8.3739 1.6298 16.985
8.3739 1.6298 16.985
8.3739 1.6298 16.985
8.3739 1.6298 16.985
8.3739 1.6298 16.985
8.3739 1.6298 16.985
8.3739 1.6298 16.985
8.3739 1.6298 16.985
8.3739 1.6298 16.985
8.3739 1.6298 16.985
8.3739 1.6298 16.985
8.3739 1.6298 16.985
8.3739 1.6298 16.985
8.3739 1.6298 16.985
8.3739 1.6298 16.985
8.3739 1.6298 16.985
8.3739 1.6298 16.985
8.3739 1.6298 16.985
8.3739 1.6298 16.985
8.3739 1.6298 16.985
8.3739 1.6298 16.985
8.3739 1.6298 16.985
8.3739 1.6298 16.985
8.3739 1.6298 16.985
8.3739 1.6298 16.985
8.3739 1.6298 16.985
8.3739 1.6298 16.985
8.3739 1.6298 16.985
8.3739 1.6298 16.985
8.3739 1.6298 16.985
8.3739 1.6298 16.985
8.3739 1.6298 16.985
8.3739 1.6298 16.985
8.3739 1.6298 16.985
8.3739 1.6298 16.985
8.3739 1.6298 16.985
8.3739 1.6298 16.985
8.3739 1.6298 16.985
8.3739 1.6298 16.985
8.3739 1.6298 16.985
8.3739 1.6298 16.985
8.3739 1.6298 16.985
8.3739 1.6298 16.985
8.3739 1.6298 16.985
8.3739 1.6298 16.985
8.3739 1.6298 16.985
8.3739 1.6298 16.985
8.3739 1.6298 16.985
8.3739 1.6298 16.985
8.3739 1.6298 16.985
8.3739 1.6298 16.985
8.3739 1.6298 16.985
8.3739 1.6298 16.985
8.3739 1.6298 16.985
8.3739 1.6298 16.985
8.3739 1.6298 16.985
8.3739 1.6298 16.985
8.3739 1.6298 16.985
8.3739 1.6298 16.985
8.3739 1.6298 16.985
8.3739 1.6298 16.985
8.3739 1.6298 16.985
8.3739 1.6298 16.985
8.3739 1.6298 16.985
8.3739 1.6298 16.985
8.3739 1.6298 16.985
8.3739 1.6298 16.985
8.3739 1.6298 16.985
8.3739 1.6298 16.985
8.3739 1.6298 16.985
8.3739 1.6298 16.985
8.3739 1.6298 16.985
8.3739 1.6298 16.985
8.3739 1.6298 16.985
8.3739 1.6298 16.985
8.3739 1.6298 16.985
8.3739 1.6298 16.985
8.3739 1.6298 16.985
8.3739 1.6298 16.985
8.3739 1.6298 16.985
8.3739 1.6298 16.985
8.3739 1.6298 16.985
8.3739 1.6298 16.985
8.3739 1.6298 16.985
8.3739 1.6298 16.985
8.3739 1.6298 16.985
8.3739 1.6298 16.985
8.3739 1.6298 16.985
8.3739 1.6298 16.985
8.3739 1.6298 16.985
8.3739 1.6298 16.985
8.3739 1.6298 16.985
8.3739 1.6298 16.985
8.3739 1.6298 16.985
8.3739 1.6298 16.985
8.3739 1.6298 16.985
8.3739 1.6298 16.985
8.3739 1.6298 16.985
8.3739 1.6298 16.985
8.3739 1.6298 16.985
8.3739 1.6298 16.985
8.3739 1.6298 16.985
8.3739 1.6298 16.985
8.3739 1.6298 16.985
8.3739 1.6298 16.985
8.3739 1.6298 16.985
8.3739 1.6298 16.985
8.3739 1.6298 16.985
8.3739 1.6298 16.985
8.3739 1.6298 16.985
8.3739 1.6298 16.985
8.3739 1.6298 16.985
8.3739 1.6298 16.985
8.3739 1.6298 16.985
8.3739 1.6298 16.985
8.3739 1.6298 16.985
8.3739 1.6298 16.985
8.3739 1.6298 16.985
8.3739 1.6298 16.985
8.3739 1.6298 16.985
8.3739 1.6298 16.985
8.3739 1.6298 16.985
8.3739 1.6298 16.985
8.3739 1.6298 16.985
8.3739 1.6298 16.985
8.3739 1.6298 16.985
8.3739 1.6298 16.985
8.3739 1.6298 16.985
8.3739 1.6298 16.985
8.3739 1.6298 16.985
8.3739 1.6298 16.985
8.3739 1.6298 16.985
8.3739 1.6298 16.985
8.3739 1.6298 16.985
8.3739 1.6298 16.985
8.3739 1.6298 16.985
8.3739 1.6298 16.985
8.3739 1.6298 16.985
8.3739 1.6298 16.985
8.3739 1.6298 16.985
8.3739 1.6298 16.985
8.3739 1.6298 16.985
8.3739 1.6298 16.985
8.3739 1.6298 16.985
8.3739 1.6298 16.985
8.3739 1.6298 16.985
8.3739 1.6298 16.985
8.3739 1.6298 16.985
8.3739 1.6298 16.985
8.3739 1.6298 16.985
8.3739 1.6298 16.985
8.3739 1.6298 16.985
8.3739 1.6298 16.985
8.3739 1.6298 16.985
8.3739 1.6298 16.985
8.3739 1.6298 16.985
8.3739 1.6298 16.985
8.3739 1.6298 16.985
8.3739 1.6298 16.985
8.3739 1.6298 16.985
8.3739 1.6298 16.985
8.3739 1.6298 16.985
8.3739 1.6298 16.985
8.3739 1.6298 16.985
8.3739 1.6298 16.985
8.3739 1.6298 16.985
8.3739 1.6298 16.985
8.3739 1.6298 16.985
8.3739 1.6298 16.985
8.3739 1.6298 16.985
8.3739 1.6298 16.985
8.3739 1.6298 16.985
8.3739 1.6298 16.985
8.3739 1.6298 16.985
8.3739 1.6298 16.985
8.3739 1.6298 16.985
8.3739 1.6298 16.985
8.3739 1.6298 16.985
8.3739 1.6298 16.985
8.3739 1.6298 16.985
8.3739 1.6298 16.985
8.3739 1.6298 16.985
8.3739 1.6298 16.985
8.3739 1.6298 16.985
8.3739 1.6298 16.985
8.3739 1.6298 16.985
8.3739 1.6298 16.985
8.3739 1.6298 16.985
8.3739 1.6298 16.985
8.3739 1.6298 16.985
8.3739 1.6298 16.985
8.3739 1.6298 16.985
8.3739 1.6298 16.985
8.3739 1.6298 16.985
8.3739 1.6298 16.985
8.3739 1.6298 16.985
8.3739 1.6298 16.985
8.3739 1.6298 16.985
8.3739 1.6298 16.985
8.3739 1.6298 16.985
8.3739 1.6298 16.985
8.3739 1.6298 16.985
8.3739 1.6298 16.985
8.3739 1.6298 16.985
8.3739 1.6298 16.985
8.3739 1.6298 16.985
8.3739 1.6298 16.985
8.3739 1.6298 16.985
8.3739 1.6298 16.985
8.3739 1.6298 16.985
8.3739 1.6298 16.985
8.3739 1.6298 16.985
8.3739 1.6298 16.985
8.3739 1.6298 16.985
8.3739 1.6298 16.985
8.3739 1.6298 16.985
8.3739 1.6298 16.985
8.3739 1.6298 16.985
8.3739 1.6298 16.985
8.3739 1.6298 16.985
8.3739 1.6298 16.985
8.3739 1.6298 16.985
8.3739 1.6298 16.985
8.3739 1.6298 16.985
8.3739 1.6298 16.985
8.3739 1.6298 16.985
8.3739 1.6298 16.985
8.3739 1.6298 16.985
8.3739 1.6298 16.985
8.3739 1.6298 16.985
8.3739 1.6298 16.985
8.3739 1.6298 16.985
8.3739 1.6298 16.985
8.3739 1.6298 16.985
8.3739 1.6298 16.985
8.3739 1.6298 16.985
8.3739 1.6298 16.985
8.3739 1.6298 16.985
8.3739 1.6298 16.985
8.3739 1.6298 16.985
8.3739 1.6298 16.985
8.3739 1.6298 16.985
8.3739 1.6298 16.985
8.3739 1.6298 16.985
8.3739 1.6298 16.985
8.3739 1.6298 16.985
8.3739 1.6298 16.985
8.3739 1.6298 16.985
8.3739 1.6298 16.985
8.3739 1.6298 16.985
8.3739 1.6298 16.985
8.3739 1.6298 16.985
8.3739 1.6298 16.985
8.3739 1.6298 16.985
8.3739 1.6298 16.985
8.3739 1.6298 16.985
8.3739 1.6298 16.985
8.3739 1.6298 16.985
8.3739 1.6298 16.985
8.3739 1.6298 16.985
8.3739 1.6298 16.985
8.3739 1.6298 16.985
8.3739 1.6298 16.985
8.3739 1.6298 16.985
8.3739 1.6298 16.985
8.3739 1.6298 16.985
8.3739 1.6298 16.985
8.3739 1.6298 16.985
8.3739 1.6298 16.985
8.3739 1.6298 16.985
8.3739 1.6298 16.985
8.3739 1.6298 16.985
8.3739 1.6298 16.985
8.3739 1.6298 16.985
8.3739 1.6298 16.985
8.3739 1.6298 16.985
8.3739 1.6298 16.985
8.3739 1.6298 16.985
8.3739 1.6298 16.985
8.3739 1.6298 16.985
8.3739 1.6298 16.985
8.3739 1.6298 16.985
8.3739 1.6298 16.985
8.3739 1.6298 16.985
8.3739 1.6298 16.985
8.3739 1.6298 16.985
8.3739 1.6298 16.985
8.3739 1.6298 16.985
8.3739 1.6298 16.985
8.3739 1.6298 16.985
8.3739 1.6298 16.985
8.3739 1.6298 16.985
8.3739 1.6298 16.985
8.3739 1.6298 16.985
8.3739 1.6298 16.985
8.3739 1.6298 16.985
8.3739 1.6298 16.985
8.3739 1.6298 16.985
8.3739 1.6298 16.985
8.3739 1.6298 16.985
8.3739 1.6298 16.985
8.3739 1.6298 16.985
8.3739 1.6298 16.985
8.3739 1.6298 16.985
8.3739 1.6298 16.985
8.3739 1.6298 16.985
8.3739 1.6298 16.985
8.3739 1.6298 16.985
8.3739 1.6298 16.985
8.3739 1.6298 16.985
8.3739 1.6298 16.985
8.3739 1.6298 16.985
8.3739 1.6298 16.985
8.3739 1.6298 16.985
8.3739 1.6298 16.985
8.3739 1.6298 16.985
8.3739 1.6298 16.985
8.3739 1.6298 16.985
8.3739 1.6298 16.985
8.3739 1.6298 16.985
8.3739 1.6298 16.985
8.3739 1.6298 16.985
8.3739 1.6298 16.985
8.3739 1.6298 16.985
8.3739 1.6298 16.985
8.3739 1.6298 16.985
8.3739 1.6298 16.985
8.3739 1.6298 16.985
8.3739 1.6298 16.985
8.3739 1.6298 16.985
8.3739 1.6298 16.985
8.3739 1.6298 16.985
8.3739 1.6298 16.985
8.3739 1.6298 16.985
8.3739 1.6298 16.985
8.3739 1.6298 16.985
8.3739 1.6298 16.985
8.3739 1.6298 16.985
8.3739 1.6298 16.985
8.3739 1.6298 16.985
8.3739 1.6298 16.985
8.3739 1.6298 16.985
8.3739 1.6298 16.985
8.3739 1.6298 16.985
8.3739 1.6298 16.985
8.3739 1.6298 16.985
8.3739 1.6298 16.985
8.3739 1.6298 16.985
8.3739 1.6298 16.985
8.3739 1.6298 16.985
8.3739 1.6298 16.985
8.3739 1.6298 16.985
8.3739 1.6298 16.985
8.3739 1.6298 16.985
8.3739 1.6298 16.985
8.3739 1.6298 16.985
8.3739 1.6298 16.985
8.3739 1.6298 16.985
8.3739 1.6298 16.985
8.3739 1.6298 16.985
8.3739 1.6298 16.985
8.3739 1.6298 16.985
8.3739 1.6298 16.985
8.3739 1.6298 16.985
8.3739 1.6298 16.985
8.3739 1.6298 16.985
8.3739 1.6298 16.985
8.3739 1.6298 16.985
8.3739 1.6298 16.985
8.3739 1.6298 16.985
8.3739 1.6298 16.985
8.3739 1.6298 16.985
8.3739 1.6298 16.985
8.3739 1.6298 16.985
8.3739 1.6298 16.985
8.3739 1.6298 16.985
8.3739 1.6298 16.985
8.3739 1.6298 16.985
8.3739 1.6298 16.985
8.3739 1.6298 16.985
8.3739 1.6298 16.985
8.3739 1.6298 16.985
8.3739 1.6298 16.985
8.3739 1.6298 16.985
8.3739 1.6298 16.985
8.3739 1.6298 16.985
8.3739 1.6298 16.985
8.3739 1.6298 16.985
8.3739 1.6298 16.985
8.3739 1.6298 16.985
8.3739 1.6298 16.985
8.3739 1.6298 16.985
8.3739 1.6298 16.985
8.3739 1.6298 16.985
8.3739 1.6298 16.985
8.3739 1.6298 16.985
8.3739 1.6298 16.985
8.3739 1.6298 16.985
8.3739 1.6298 16.985
8.3739 1.6298 16.985
8.3739 1.6298 16.985
8.3739 1.6298 16.985
8.3739 1.6298 16.985
8.3739 1.6298 16.985
8.3739 1.6298 16.985
8.3739 1.6298 16.985
8.3739 1.6298 16.985
8.3739 1.6298 16.985
8.3739 1.6298 16.985
8.3739 1.6298 16.985
8.3739 1.6298 16.985
8.3739 1.6298 16.985
8.3739 1.6298 16.985
8.3739 1.6298 16.985
8.3739 1.6298 16.985
8.3739 1.6298 16.985
8.3739 1.6298 16.985
8.3739 1.6298 16.985
8.3739 1.6298 16.985
8.3739 1.6298 16.985
8.3739 1.6298 16.985
8.3739 1.6298 16.985
8.3739 1.6298 16.985
8.3739 1.6298 16.985
8.3739 1.6298 16.985
8.3739 1.6298 16.985
8.3739 1.6298 16.985
8.3739 1.6298 16.985
8.3739 1.6298 16.985
8.3739 1.6298 16.985
8.3739 1.6298 16.985
8.3739 1.6298 16.985
8.3739 1.6298 16.985
8.3739 1.6298 16.985
8.3739 1.6298 16.985
8.3739 1.6298 16.985
8.3739 1.6298 16.985
8.3739 1.6298 16.985
8.3739 1.6298 16.985
8.3739 1.6298 16.985
8.3739 1.6298 16.985
8.3739 1.6298 16.985
8.3739 1.6298 16.985
8.3739 1.6298 16.985
8.3739 1.6298 16.985
8.3739 1.6298 16.985
8.3739 1.6298 16.985
8.3739 1.6298 16.985
8.3739 1.6298 16.985
8.3739 1.6298 16.985
8.3739 1.6298 16.985
8.3739 1.6298 16.985
8.3739 1.6298 16.985
8.3739 1.6298 16.985
8.3739 1.6298 16.985
8.3739 1.6298 16.985
8.3739 1.6298 16.985
8.3739 1.6298 16.985
8.3739 1.6298 16.985
8.3739 1.6298 16.985
8.3739 1.6298 16.985
8.3739 1.6298 16.985
8.3739 1.6298 16.985
8.3739 1.6298 16.985
8.3739 1.6298 16.985
8.3739 1.6298 16.985
8.3739 1.6298 16.985
8.3739 1.6298 16.985
8.3739 1.6298 16.985
8.3739 1.6298 16.985
8.3739 1.6298 16.985
8.3739 1.6298 16.985
8.3739 1.6298 16.985
8.3739 1.6298 16.985
8.3739 1.6298 16.985
8.3739 1.6298 16.985
8.3739 1.6298 16.985
8.3739 1.6298 16.985
8.3739 1.6298 16.985
8.3739 1.6298 16.985
8.3739 1.6298 16.985
8.3739 1.6298 16.985
8.3739 1.6298 16.985
8.3739 1.6298 16.985
8.3739 1.6298 16.985
8.3739 1.6298 16.985
8.3739 1.6298 16.985
8.3739 1.6298 16.985
8.3739 1.6298 16.985
8.3739 1.6298 16.985
8.3739 1.6298 16.985
8.3739 1.6298 16.985
8.3739 1.6298 16.985
8.3739 1.6298 16.985
8.3739 1.6298 16.985
8.3739 1.6298 16.985
8.3739 1.6298 16.985
8.3739 1.6298 16.985
8.3739 1.6298 16.985
8.3739 1.6298 16.985
8.3739 1.6298 16.985
8.3739 1.6298 16.985
8.3739 1.6298 16.985
8.3739 1.6298 16.985
8.3739 1.6298 16.985
8.3739 1.6298 16.985
8.3739 1.6298 16.985
8.3739 1.6298 16.985
8.3739 1.6298 16.985
8.3739 1.6298 16.985
8.3739 1.6298 16.985
8.3739 1.6298 16.985
8.3739 1.6298 16.985
8.3739 1.6298 16.985
8.3739 1.6298 16.985
8.3739 1.6298 16.985
8.3739 1.6298 16.985
8.3739 1.6298 16.985
8.3739 1.6298 16.985
8.3739 1.6298 16.985
8.3739 1.6298 16.985
8.3739 1.6298 16.985
8.3739 1.6298 16.985
8.3739 1.6298 16.985
8.3739 1.6298 16.985
8.3739 1.6298 16.985
8.3739 1.6298 16.985
8.3739 1.6298 16.985
8.3739 1.6298 16.985
8.3739 1.6298 16.985
8.3739 1.6298 16.985
8.3739 1.6298 16.985
8.3739 1.6298 16.985
8.3739 1.6298 16.985
8.3739 1.6298 16.985
8.3739 1.6298 16.985
8.3739 1.6298 16.985
8.3739 1.6298 16.985
8.3739 1.6298 16.985
8.3739 1.6298 16.985
8.3739 1.6298 16.985
8.3739 1.6298 16.985
8.3739 1.6298 16.985
8.3739 1.6298 16.985
8.3739 1.6298 16.985
8.3739 1.6298 16.985
8.3739 1.6298 16.985
8.3739 1.6298 16.985
8.3739 1.6298 16.985
8.3739 1.6298 16.985
8.3739 1.6298 16.985
8.3739 1.6298 16.985
8.3739 1.6298 16.985
8.3739 1.6298 16.985
8.3739 1.6298 16.985
8.3739 1.6298 16.985
8.3739 1.6298 16.985
8.3739 1.6298 16.985
8.3739 1.6298 16.985
8.3739 1.6298 16.985
8.3739 1.6298 16.985
8.3739 1.6298 16.985
8.3739 1.6298 16.985
8.3739 1.6298 16.985
8.3739 1.6298 16.985
8.3739 1.6298 16.985
8.3739 1.6298 16.985
8.3739 1.6298 16.985
8.3739 1.6298 16.985
8.3739 1.6298 16.985
8.3739 1.6298 16.985
8.3739 1.6298 16.985
8.3739 1.6298 16.985
8.3739 1.6298 16.985
8.3739 1.6298 16.985
8.3739 1.6298 16.985
8.3739 1.6298 16.985
8.3739 1.6298 16.985
8.3739 1.6298 16.985
8.3739 1.6298 16.985
8.3739 1.6298 16.985
8.3739 1.6298 16.985
8.3739 1.6298 16.985
8.3739 1.6298 16.985
8.3739 1.6298 16.985
8.3739 1.6298 16.985
8.3739 1.6298 16.985
8.3739 1.6298 16.985
8.3739 1.6298 16.985
8.3739 1.6298 16.985
8.3739 1.6298 16.985
8.3739 1.6298 16.985
8.3739 1.6298 16.985
8.3739 1.6298 16.985
8.3739 1.6298 16.985
8.3739 1.6298 16.985
8.3739 1.6298 16.985
8.3739 1.6298 16.985
8.3739 1.6298 16.985
8.3739 1.6298 16.985
8.3739 1.6298 16.985
8.3739 1.6298 16.985
8.3739 1.6298 16.985
8.3739 1.6298 16.985
8.3739 1.6298 16.985
8.3739 1.6298 16.985
8.3739 1.6298 16.985
8.3739 1.6298 16.985
8.3739 1.6298 16.985
8.3739 1.6298 16.985
8.3739 1.6298 16.985
8.3739 1.6298 16.985
8.3739 1.6298 16.985
8.3739 1.6298 16.985
8.3739 1.6298 16.985
8.3739 1.6298 16.985
8.3739 1.6298 16.985
8.3739 1.6298 16.985
8.3739 1.6298 16.985
8.3739 1.6298 16.985
8.3739 1.6298 16.985
8.3739 1.6298 16.985
8.3739 1.6298 16.985
8.3739 1.6298 16.985
8.3739 1.6298 16.985
8.3739 1.6298 16.985
8.3739 1.6298 16.985
8.3739 1.6298 16.985
8.3739 1.6298 16.985
8.3739 1.6298 16.985
8.3739 1.6298 16.985
8.3739 1.6298 16.985
8.3739 1.6298 16.985
8.3739 1.6298 16.985
8.3739 1.6298 16.985
8.3739 1.6298 16.985
8.3739 1.6298 16.985
8.3739 1.6298 16.985
8.3739 1.6298 16.985
8.3739 1.6298 16.985
8.3739 1.6298 16.985
8.3739 1.6298 16.985
8.3739 1.6298 16.985
8.3739 1.6298 16.985
8.3739 1.6298 16.985
8.3739 1.6298 16.985
8.3739 1.6298 16.985
8.3739 1.6298 16.985
8.3739 1.6298 16.985
8.3739 1.6298 16.985
8.3739 1.6298 16.985
8.3739 1.6298 16.985
8.3739 1.6298 16.985
8.3739 1.6298 16.985
8.3739 1.6298 16.985
8.3739 1.6298 16.985
8.3739 1.6298 16.985
8.3739 1.6298 16.985
8.3739 1.6298 16.985
8.3739 1.6298 16.985
8.3739 1.6298 16.985
8.3739 1.6298 16.985
8.3739 1.6298 16.985
8.3739 1.6298 16.985
8.3739 1.6298 16.985
8.3739 1.6298 16.985
8.3739 1.6298 16.985
8.3739 1.6298 16.985
8.3739 1.6298 16.985
8.3739 1.6298 16.985
8.3739 1.6298 16.985
8.3739 1.6298 16.985
8.3739 1.6298 16.985
8.3739 1.6298 16.985
8.3739 1.6298 16.985
8.3739 1.6298 16.985
8.3739 1.6298 16.985
8.3739 1.6298 16.985
8.3739 1.6298 16.985
8.3739 1.6298 16.985
8.3739 1.6298 16.985
8.3739 1.6298 16.985
8.3739 1.6298 16.985
8.3739 1.6298 16.985
8.3739 1.6298 16.985
8.3739 1.6298 16.985
8.3739 1.6298 16.985
8.3739 1.6298 16.985
8.3739 1.6298 16.985
8.3739 1.6298 16.985
8.3739 1.6298 16.985
8.3739 1.6298 16.985
8.3739 1.6298 16.985
8.3739 1.6298 16.985
8.3739 1.6298 16.985
8.3739 1.6298 16.985
8.3739 1.6298 16.985
8.3739 1.6298 16.985
8.3739 1.6298 16.985
8.3739 1.6298 16.985
8.3739 1.6298 16.985
8.3739 1.6298 16.985
8.3739 1.6298 16.985
8.3739 1.6298 16.985
8.3739 1.6298 16.985
8.3739 1.6298 16.985
8.3739 1.6298 16.985
8.3739 1.6298 16.985
8.3739 1.6298 16.985
8.3739 1.6298 16.985
8.3739 1.6298 16.985
8.3739 1.6298 16.985
8.3739 1.6298 16.985
8.3739 1.6298 16.985
8.3739 1.6298 16.985
8.3739 1.6298 16.985
8.3739 1.6298 16.985
8.3739 1.6298 16.985
8.3739 1.6298 16.985
8.3739 1.6298 16.985
8.3739 1.6298 16.985
8.3739 1.6298 16.985
8.3739 1.6298 16.985
8.3739 1.6298 16.985
8.3739 1.6298 16.985
8.3739 1.6298 16.985
8.3739 1.6298 16.985
8.3739 1.6298 16.985
8.3739 1.6298 16.985
8.3739 1.6298 16.985
8.3739 1.6298 16.985
8.3739 1.6298 16.985
8.3739 1.6298 16.985
8.3739 1.6298 16.985
8.3739 1.6298 16.985
8.3739 1.6298 16.985
8.3739 1.6298 16.985
8.3739 1.6298 16.985
8.3739 1.6298 16.985
8.3739 1.6298 16.985
8.3739 1.6298 16.985
8.3739 1.6298 16.985
8.3739 1.6298 16.985
8.3739 1.6298 16.985
8.3739 1.6298 16.985
8.3739 1.6298 16.985
8.3739 1.6298 16.985
8.3739 1.6298 16.985
8.3739 1.6298 16.985
8.3739 1.6298 16.985
8.3739 1.6298 16.985
8.3739 1.6298 16.985
8.3739 1.6298 16.985
8.3739 1.6298 16.985
8.3739 1.6298 16.985
8.3739 1.6298 16.985
8.3739 1.6298 16.985
8.3739 1.6298 16.985
8.3739 1.6298 16.985
8.3739 1.6298 16.985
8.3739 1.6298 16.985
8.3739 1.6298 16.985
8.3739 1.6298 16.985
8.3739 1.6298 16.985
8.3739 1.6298 16.985
8.3739 1.6298 16.985
8.3739 1.6298 16.985
8.3739 1.6298 16.985
8.3739 1.6298 16.985
8.3739 1.6298 16.985
8.3739 1.6298 16.985
8.3739 1.6298 16.985
8.3739 1.6298 16.985
8.3739 1.6298 16.985
8.3739 1.6298 16.985
8.3739 1.6298 16.985
8.3739 1.6298 16.985
8.3739 1.6298 16.985
8.3739 1.6298 16.985
8.3739 1.6298 16.985
8.3739 1.6298 16.985
8.3739 1.6298 16.985
8.3739 1.6298 16.985
8.3739 1.6298 16.985
8.3739 1.6298 16.985
8.3739 1.6298 16.985
8.3739 1.6298 16.985
8.3739 1.6298 16.985
8.3739 1.6298 16.985
8.3739 1.6298 16.985
8.3739 1.6298 16.985
8.3739 1.6298 16.985
8.3739 1.6298 16.985
8.3739 1.6298 16.985
8.3739 1.6298 16.985
8.3739 1.6298 16.985
8.3739 1.6298 16.985
8.3739 1.6298 16.985
8.3739 1.6298 16.985
8.3739 1.6298 16.985
8.3739 1.6298 16.985
8.3739 1.6298 16.985
8.3739 1.6298 16.985
8.3739 1.6298 16.985
8.3739 1.6298 16.985
8.3739 1.6298 16.985
8.3739 1.6298 16.985
8.3739 1.6298 16.985
8.3739 1.6298 16.985
8.3739 1.6298 16.985
8.3739 1.6298 16.985
8.3739 1.6298 16.985
8.3739 1.6298 16.985
8.3739 1.6298 16.985
8.3739 1.6298 16.985
8.3739 1.6298 16.985
8.3739 1.6298 16.985
8.3739 1.6298 16.985
8.3739 1.6298 16.985
8.3739 1.6298 16.985
8.3739 1.6298 16.985
8.3739 1.6298 16.985
8.3739 1.6298 16.985
8.3739 1.6298 16.985
8.3739 1.6298 16.985
8.3739 1.6298 16.985
8.3739 1.6298 16.985
8.3739 1.6298 16.985
8.3739 1.6298 16.985
8.3739 1.6298 16.985
8.3739 1.6298 16.985
8.3739 1.6298 16.985
8.3739 1.6298 16.985
8.3739 1.6298 16.985
8.3739 1.6298 16.985
8.3739 1.6298 16.985
8.3739 1.6298 16.985
8.3739 1.6298 16.985
8.3739 1.6298 16.985
8.3739 1.6298 16.985
8.3739 1.6298 16.985
8.3739 1.6298 16.985
8.3739 1.6298 16.985
8.3739 1.6298 16.985
8.3739 1.6298 16.985
8.3739 1.6298 16.985
8.3739 1.6298 16.985
8.3739 1.6298 16.985
8.3739 1.6298 16.985
8.3739 1.6298 16.985
8.3739 1.6298 16.985
8.3739 1.6298 16.985
8.3739 1.6298 16.985
8.3739 1.6298 16.985
8.3739 1.6298 16.985
8.3739 1.6298 16.985
8.3739 1.6298 16.985
8.3739 1.6298 16.985
8.3739 1.6298 16.985
8.3739 1.6298 16.985
8.3739 1.6298 16.985
8.3739 1.6298 16.985
8.3739 1.6298 16.985
8.3739 1.6298 16.985
8.3739 1.6298 16.985
8.3739 1.6298 16.985
8.3739 1.6298 16.985
8.3739 1.6298 16.985
8.3739 1.6298 16.985
8.3739 1.6298 16.985
8.3739 1.6298 16.985
8.3739 1.6298 16.985
8.3739 1.6298 16.985
8.3739 1.6298 16.985
8.3739 1.6298 16.985
8.3739 1.6298 16.985
8.3739 1.6298 16.985
8.3739 1.6298 16.985
8.3739 1.6298 16.985
8.3739 1.6298 16.985
8.3739 1.6298 16.985
8.3739 1.6298 16.985
8.3739 1.6298 16.985
8.3739 1.6298 16.985
8.3739 1.6298 16.985
8.3739 1.6298 16.985
8.3739 1.6298 16.985
8.3739 1.6298 16.985
8.3739 1.6298 16.985
8.3739 1.6298 16.985
8.3739 1.6298 16.985
8.3739 1.6298 16.985
8.3739 1.6298 16.985
8.3739 1.6298 16.985
8.3739 1.6298 16.985
8.3739 1.6298 16.985
8.3739 1.6298 16.985
8.3739 1.6298 16.985
8.3739 1.6298 16.985
8.3739 1.6298 16.985
8.3739 1.6298 16.985
8.3739 1.6298 16.985
8.3739 1.6298 16.985
8.3739 1.6298 16.985
8.3739 1.6298 16.985
8.3739 1.6298 16.985
8.3739 1.6298 16.985
8.3739 1.6298 16.985
8.3739 1.6298 16.985
8.3739 1.6298 16.985
8.3739 1.6298 16.985
8.3739 1.6298 16.985
8.3739 1.6298 16.985
8.3739 1.6298 16.985
8.3739 1.6298 16.985
8.3739 1.6298 16.985
8.3739 1.6298 16.985
8.3739 1.6298 16.985
8.3739 1.6298 16.985
8.3739 1.6298 16.985
8.3739 1.6298 16.985
8.3739 1.6298 16.985
8.3739 1.6298 16.985
8.3739 1.6298 16.985
8.3739 1.6298 16.985
8.3739 1.6298 16.985
8.3739 1.6298 16.985
8.3739 1.6298 16.985
8.3739 1.6298 16.985
8.3739 1.6298 16.985
8.3739 1.6298 16.985
8.3739 1.6298 16.985
8.3739 1.6298 16.985
8.3739 1.6298 16.985
8.3739 1.6298 16.985
8.3739 1.6298 16.985
8.3739 1.6298 16.985
8.3739 1.6298 16.985
8.3739 1.6298 16.985
8.3739 1.6298 16.985
8.3739 1.6298 16.985
8.3739 1.6298 16.985
8.3739 1.6298 16.985
8.3739 1.6298 16.985
8.3739 1.6298 16.985
8.3739 1.6298 16.985
8.3739 1.6298 16.985
8.3739 1.6298 16.985
8.3739 1.6298 16.985
8.3739 1.6298 16.985
8.3739 1.6298 16.985
8.3739 1.6298 16.985
8.3739 1.6298 16.985
8.3739 1.6298 16.985
8.3739 1.6298 16.985
8.3739 1.6298 16.985
8.3739 1.6298 16.985
8.3739 1.6298 16.985
8.3739 1.6298 16.985
8.3739 1.6298 16.985
8.3739 1.6298 16.985
8.3739 1.6298 16.985
8.3739 1.6298 16.985
8.3739 1.6298 16.985
8.3739 1.6298 16.985
8.3739 1.6298 16.985
8.3739 1.6298 16.985
8.3739 1.6298 16.985
8.3739 1.6298 16.985
8.3739 1.6298 16.985
8.3739 1.6298 16.985
8.3739 1.6298 16.985
8.3739 1.6298 16.985
8.3739 1.6298 16.985
8.3739 1.6298 16.985
8.3739 1.6298 16.985
8.3739 1.6298 16.985
8.3739 1.6298 16.985
8.3739 1.6298 16.985
8.3739 1.6298 16.985
8.3739 1.6298 16.985
8.3739 1.6298 16.985
8.3739 1.6298 16.985
8.3739 1.6298 16.985
8.3739 1.6298 16.985
8.3739 1.6298 16.985
8.3739 1.6298 16.985
8.3739 1.6298 16.985
8.3739 1.6298 16.985
8.3739 1.6298 16.985
8.3739 1.6298 16.985
8.3739 1.6298 16.985
8.3739 1.6298 16.985
8.3739 1.6298 16.985
8.3739 1.6298 16.985
8.3739 1.6298 16.985
8.3739 1.6298 16.985
8.3739 1.6298 16.985
8.3739 1.6298 16.985
8.3739 1.6298 16.985
8.3739 1.6298 16.985
8.3739 1.6298 16.985
8.3739 1.6298 16.985
8.3739 1.6298 16.985
8.3739 1.6298 16.985
8.3739 1.6298 16.985
8.3739 1.6298 16.985
8.3739 1.6298 16.985
8.3739 1.6298 16.985
8.3739 1.6298 16.985
8.3739 1.6298 16.985
8.3739 1.6298 16.985
8.3739 1.6298 16.985
8.3739 1.6298 16.985
8.3739 1.6298 16.985
8.3739 1.6298 16.985
8.3739 1.6298 16.985
8.3739 1.6298 16.985
8.3739 1.6298 16.985
8.3739 1.6298 16.985
8.3739 1.6298 16.985
8.3739 1.6298 16.985
8.3739 1.6298 16.985
8.3739 1.6298 16.985
8.3739 1.6298 16.985
8.3739 1.6298 16.985
8.3739 1.6298 16.985
8.3739 1.6298 16.985
8.3739 1.6298 16.985
8.3739 1.6298 16.985
8.3739 1.6298 16.985
8.3739 1.6298 16.985
8.3739 1.6298 16.985
8.3739 1.6298 16.985
8.3739 1.6298 16.985
8.3739 1.6298 16.985
8.3739 1.6298 16.985
8.3739 1.6298 16.985
8.3739 1.6298 16.985
8.3739 1.6298 16.985
8.3739 1.6298 16.985
8.3739 1.6298 16.985
8.3739 1.6298 16.985
8.3739 1.6298 16.985
8.3739 1.6298 16.985
8.3739 1.6298 16.985
8.3739 1.6298 16.985
8.3739 1.6298 16.985
8.3739 1.6298 16.985
8.3739 1.6298 16.985
8.3739 1.6298 16.985
8.3739 1.6298 16.985
8.3739 1.6298 16.985
8.3739 1.6298 16.985
8.3739 1.6298 16.985
8.3739 1.6298 16.985
8.3739 1.6298 16.985
8.3739 1.6298 16.985
8.3739 1.6298 16.985
8.3739 1.6298 16.985
8.3739 1.6298 16.985
8.3739 1.6298 16.985
8.3739 1.6298 16.985
8.3739 1.6298 16.985
8.3739 1.6298 16.985
8.3739 1.6298 16.985
8.3739 1.6298 16.985
8.3739 1.6298 16.985
8.3739 1.6298 16.985
8.3739 1.6298 16.985
8.3739 1.6298 16.985
8.3739 1.6298 16.985
8.3739 1.6298 16.985
8.3739 1.6298 16.985
8.3739 1.6298 16.985
8.3739 1.6298 16.985
8.3739 1.6298 16.985
8.3739 1.6298 16.985
8.3739 1.6298 16.985
8.3739 1.6298 16.985
8.3739 1.6298 16.985
8.3739 1.6298 16.985
8.3739 1.6298 16.985
8.3739 1.6298 16.985
8.3739 1.6298 16.985
8.3739 1.6298 16.985
8.3739 1.6298 16.985
8.3739 1.6298 16.985
8.3739 1.6298 16.985
8.3739 1.6298 16.985
8.3739 1.6298 16.985
8.3739 1.6298 16.985
8.3739 1.6298 16.985
8.3739 1.6298 16.985
8.3739 1.6298 16.985
8.3739 1.6298 16.985
8.3739 1.6298 16.985
8.3739 1.6298 16.985
8.3739 1.6298 16.985
8.3739 1.6298 16.985
8.3739 1.6298 16.985
8.3739 1.6298 16.985
8.3739 1.6298 16.985
8.3739 1.6298 16.985
8.3739 1.6298 16.985
8.3739 1.6298 16.985
8.3739 1.6298 16.985
8.3739 1.6298 16.985
8.3739 1.6298 16.985
8.3739 1.6298 16.985
8.3739 1.6298 16.985
8.3739 1.6298 16.985
8.3739 1.6298 16.985
8.3739 1.6298 16.985
8.3739 1.6298 16.985
8.3739 1.6298 16.985
8.3739 1.6298 16.985
8.3739 1.6298 16.985
8.3739 1.6298 16.985
8.3739 1.6298 16.985
8.3739 1.6298 16.985
8.3739 1.6298 16.985
8.3739 1.6298 16.985
8.3739 1.6298 16.985
8.3739 1.6298 16.985
8.3739 1.6298 16.985
8.3739 1.6298 16.985
8.3739 1.6298 16.985
8.3739 1.6298 16.985
8.3739 1.6298 16.985
8.3739 1.6298 16.985
8.3739 1.6298 16.985
8.3739 1.6298 16.985
8.3739 1.6298 16.985
8.3739 1.6298 16.985
8.3739 1.6298 16.985
8.3739 1.6298 16.985
8.3739 1.6298 16.985
8.3739 1.6298 16.985
8.3739 1.6298 16.985
8.3739 1.6298 16.985
8.3739 1.6298 16.985
8.3739 1.6298 16.985
8.3739 1.6298 16.985
8.3739 1.6298 16.985
8.3739 1.6298 16.985
8.3739 1.6298 16.985
8.3739 1.6298 16.985
8.3739 1.6298 16.985
8.3739 1.6298 16.985
8.3739 1.6298 16.985
8.3739 1.6298 16.985
8.3739 1.6298 16.985
8.3739 1.6298 16.985
8.3739 1.6298 16.985
8.3739 1.6298 16.985
8.3739 1.6298 16.985
8.3739 1.6298 16.985
8.3739 1.6298 16.985
8.3739 1.6298 16.985
8.3739 1.6298 16.985
8.3739 1.6298 16.985
8.3739 1.6298 16.985
8.3739 1.6298 16.985
8.3739 1.6298 16.985
8.3739 1.6298 16.985
8.3739 1.6298 16.985
8.3739 1.6298 16.985
8.3739 1.6298 16.985
8.3739 1.6298 16.985
8.3739 1.6298 16.985
8.3739 1.6298 16.985
8.3739 1.6298 16.985
8.3739 1.6298 16.985
8.3739 1.6298 16.985
8.3739 1.6298 16.985
8.3739 1.6298 16.985
8.3739 1.6298 16.985
8.3739 1.6298 16.985
8.3739 1.6298 16.985
8.3739 1.6298 16.985
8.3739 1.6298 16.985
8.3739 1.6298 16.985
8.3739 1.6298 16.985
8.3739 1.6298 16.985
8.3739 1.6298 16.985
8.3739 1.6298 16.985
8.3739 1.6298 16.985
8.3739 1.6298 16.985
8.3739 1.6298 16.985
8.3739 1.6298 16.985
8.3739 1.6298 16.985
8.3739 1.6298 16.985
8.3739 1.6298 16.985
8.3739 1.6298 16.985
8.3739 1.6298 16.985
8.3739 1.6298 16.985
8.3739 1.6298 16.985
8.3739 1.6298 16.985
8.3739 1.6298 16.985
8.3739 1.6298 16.985
8.3739 1.6298 16.985
8.3739 1.6298 16.985
8.3739 1.6298 16.985
8.3739 1.6298 16.985
8.3739 1.6298 16.985
8.3739 1.6298 16.985
8.3739 1.6298 16.985
8.3739 1.6298 16.985
8.3739 1.6298 16.985
8.3739 1.6298 16.985
8.3739 1.6298 16.985
8.3739 1.6298 16.985
8.3739 1.6298 16.985
8.3739 1.6298 16.985
8.3739 1.6298 16.985
8.3739 1.6298 16.985
8.3739 1.6298 16.985
8.3739 1.6298 16.985
8.3739 1.6298 16.985
8.3739 1.6298 16.985
8.3739 1.6298 16.985
8.3739 1.6298 16.985
8.3739 1.6298 16.985
8.3739 1.6298 16.985
8.3739 1.6298 16.985
8.3739 1.6298 16.985
8.3739 1.6298 16.985
8.3739 1.6298 16.985
8.3739 1.6298 16.985
8.3739 1.6298 16.985
8.3739 1.6298 16.985
8.3739 1.6298 16.985
8.3739 1.6298 16.985
8.3739 1.6298 16.985
8.3739 1.6298 16.985
8.3739 1.6298 16.985
8.3739 1.6298 16.985
8.3739 1.6298 16.985
8.3739 1.6298 16.985
8.3739 1.6298 16.985
8.3739 1.6298 16.985
8.3739 1.6298 16.985
8.3739 1.6298 16.985
8.3739 1.6298 16.985
8.3739 1.6298 16.985
8.3739 1.6298 16.985
8.3739 1.6298 16.985
8.3739 1.6298 16.985
8.3739 1.6298 16.985
8.3739 1.6298 16.985
8.3739 1.6298 16.985
8.3739 1.6298 16.985
8.3739 1.6298 16.985
8.3739 1.6298 16.985
8.3739 1.6298 16.985
8.3739 1.6298 16.985
8.3739 1.6298 16.985
8.3739 1.6298 16.985
8.3739 1.6298 16.985
8.3739 1.6298 16.985
8.3739 1.6298 16.985
8.3739 1.6298 16.985
8.3739 1.6298 16.985
8.3739 1.6298 16.985
8.3739 1.6298 16.985
8.3739 1.6298 16.985
8.3739 1.6298 16.985
8.3739 1.6298 16.985
8.3739 1.6298 16.985
8.3739 1.6298 16.985
8.3739 1.6298 16.985
8.3739 1.6298 16.985
8.3739 1.6298 16.985
8.3739 1.6298 16.985
8.3739 1.6298 16.985
8.3739 1.6298 16.985
8.3739 1.6298 16.985
8.3739 1.6298 16.985
8.3739 1.6298 16.985
8.3739 1.6298 16.985
8.3739 1.6298 16.985
8.3739 1.6298 16.985
8.3739 1.6298 16.985
8.3739 1.6298 16.985
8.3739 1.6298 16.985
8.3739 1.6298 16.985
8.3739 1.6298 16.985
8.3739 1.6298 16.985
8.3739 1.6298 16.985
8.3739 1.6298 16.985
8.3739 1.6298 16.985
8.3739 1.6298 16.985
8.3739 1.6298 16.985
8.3739 1.6298 16.985
8.3739 1.6298 16.985
8.3739 1.6298 16.985
8.3739 1.6298 16.985
8.3739 1.6298 16.985
8.3739 1.6298 16.985
8.3739 1.6298 16.985
8.3739 1.6298 16.985
8.3739 1.6298 16.985
8.3739 1.6298 16.985
8.3739 1.6298 16.985
8.3739 1.6298 16.985
8.3739 1.6298 16.985
8.3739 1.6298 16.985
8.3739 1.6298 16.985
8.3739 1.6298 16.985
8.3739 1.6298 16.985
8.3739 1.6298 16.985
8.3739 1.6298 16.985
8.3739 1.6298 16.985
8.3739 1.6298 16.985
8.3739 1.6298 16.985
8.3739 1.6298 16.985
8.3739 1.6298 16.985
8.3739 1.6298 16.985
8.3739 1.6298 16.985
8.3739 1.6298 16.985
8.3739 1.6298 16.985
8.3739 1.6298 16.985
8.3739 1.6298 16.985
8.3739 1.6298 16.985
8.3739 1.6298 16.985
8.3739 1.6298 16.985
8.3739 1.6298 16.985
8.3739 1.6298 16.985
8.3739 1.6298 16.985
8.3739 1.6298 16.985
8.3739 1.6298 16.985
8.3739 1.6298 16.985
8.3739 1.6298 16.985
8.3739 1.6298 16.985
8.3739 1.6298 16.985
8.3739 1.6298 16.985
8.3739 1.6298 16.985
8.3739 1.6298 16.985
8.3739 1.6298 16.985
8.3739 1.6298 16.985
8.3739 1.6298 16.985
8.3739 1.6298 16.985
8.3739 1.6298 16.985
8.3739 1.6298 16.985
8.3739 1.6298 16.985
8.3739 1.6298 16.985
8.3739 1.6298 16.985
8.3739 1.6298 16.985
8.3739 1.6298 16.985
8.3739 1.6298 16.985
8.3739 1.6298 16.985
8.3739 1.6298 16.985
8.3739 1.6298 16.985
8.3739 1.6298 16.985
8.3739 1.6298 16.985
8.3739 1.6298 16.985
8.3739 1.6298 16.985
8.3739 1.6298 16.985
8.3739 1.6298 16.985
8.3739 1.6298 16.985
8.3739 1.6298 16.985
8.3739 1.6298 16.985
8.3739 1.6298 16.985
8.3739 1.6298 16.985
8.3739 1.6298 16.985
8.3739 1.6298 16.985
8.3739 1.6298 16.985
8.3739 1.6298 16.985
8.3739 1.6298 16.985
8.3739 1.6298 16.985
8.3739 1.6298 16.985
8.3739 1.6298 16.985
